0,999656 -0,003828 0,025965 0,007534 0,003826 0,999993 0,000099 -0,000274 -0,025965 0,000000 0,999663 0,352540
0,999629 -0,008261 0,025954 0,262617 0,008258 0,999966 0,000214 0,001488 -0,025955 0,000000 0,999663 0,352539
0,999627 -0,008517 0,025930 0,412088 0,008514 0,999964 0,000220 0,002739 -0,025931 0,000001 0,999664 0,352537
0,998776 -0,042422 0,025439 0,635170 0,042408 0,999100 0,001081 0,002736 -0,025461 -0,000001 0,999676 0,352503
0,976402 -0,214587 0,024323 0,752456 0,214521 0,976705 0,005345 0,009852 -0,024903 -0,000001 0,999690 0,352459
0,976464 -0,214188 0,025338 0,969064 0,214116 0,976792 0,005558 0,057431 -0,025940 -0,000001 0,999663 0,352538
0,991295 -0,129346 0,024587 1,147555 0,129306 0,991600 0,003209 0,101539 -0,024796 -0,000002 0,999693 0,352451
0,969280 -0,244733 0,024526 1,314678 0,244654 0,969591 0,006192 0,124901 -0,025295 -0,000002 0,999680 0,352491
0,925635 -0,377691 0,023447 1,453261 0,377570 0,925932 0,009565 0,165755 -0,025323 -0,000001 0,999679 0,352491
0,924671 -0,380011 0,023962 1,659887 0,379884 0,924982 0,009844 0,249740 -0,025905 0,000001 0,999664 0,352535
0,835957 -0,548415 0,020400 1,755969 0,548252 0,836206 0,013382 0,285169 -0,024398 -0,000002 0,999702 0,352422
0,798343 -0,601877 0,019822 1,891256 0,601691 0,798589 0,014942 0,369359 -0,024823 -0,000003 0,999692 0,352455
0,726599 -0,686809 0,018646 2,038802 0,686583 0,726838 0,017621 0,493756 -0,025655 -0,000001 0,999671 0,352516
0,726809 -0,686581 0,018832 2,142751 0,686351 0,727053 0,017785 0,591978 -0,025903 -0,000001 0,999664 0,352535
0,709585 -0,704379 0,018422 2,292107 0,704142 0,709824 0,018264 0,734650 -0,025941 0,000012 0,999663 0,352533
0,474076 -0,880418 0,010787 2,386009 0,880190 0,474199 0,020022 0,808210 -0,022742 0,000003 0,999741 0,352295
0,455430 -0,890195 0,011674 2,467464 0,889903 0,455579 0,022816 0,963594 -0,025629 -0,000002 0,999672 0,352514
0,345763 -0,938284 0,008420 2,580462 0,938006 0,345865 0,022848 1,171941 -0,024350 -0,000002 0,999704 0,352419
0,440303 -0,897785 0,010741 2,588108 0,897518 0,440434 0,021893 1,221637 -0,024386 0,000001 0,999703 0,352420
0,310942 -0,950399 0,007526 2,620332 0,950121 0,311033 0,023000 1,263498 -0,024200 -0,000001 0,999707 0,352408
0,262232 -0,964982 0,006672 2,651917 0,964670 0,262317 0,024546 1,364378 -0,025436 -0,000001 0,999676 0,352499
0,262482 -0,964913 0,006804 2,717065 0,964589 0,262571 0,025008 1,603939 -0,025917 -0,000001 0,999664 0,352537
0,262925 -0,964792 0,006816 2,783991 0,964467 0,263014 0,025037 1,849847 -0,025949 -0,000009 0,999663 0,352533
0,262751 -0,964840 0,006813 2,852396 0,964515 0,262839 0,025008 2,100766 -0,025920 0,000001 0,999664 0,352536
0,233486 -0,972342 0,005958 2,919046 0,972025 0,233562 0,024818 2,338904 -0,025523 -0,000004 0,999674 0,352510
0,078097 -0,996944 0,001995 2,952477 0,996618 0,078123 0,025474 2,529048 -0,025552 -0,000001 0,999673 0,352509
0,078174 -0,996938 0,002028 2,972364 0,996603 0,078200 0,025839 2,782587 -0,025918 0,000001 0,999664 0,352536
0,078019 -0,996950 0,002023 2,991732 0,996614 0,078045 0,025867 3,029819 -0,025946 -0,000002 0,999663 0,352534
0,078831 -0,996886 0,002033 3,011208 0,996551 0,078857 0,025840 3,277792 -0,025920 -0,000011 0,999664 0,352532
0,078862 -0,996883 0,002046 3,034225 0,996549 0,078888 0,025840 3,567952 -0,025921 0,000001 0,999664 0,352537
-0,012201 -0,999925 -0,000304 3,056532 0,999620 -0,012205 0,024699 3,792530 -0,024701 -0,000002 0,999695 0,352446
-0,115250 -0,993332 -0,002965 3,043088 0,993004 -0,115288 0,025530 3,996302 -0,025701 -0,000001 0,999670 0,352520
-0,114895 -0,993373 -0,002979 3,014491 0,993039 -0,114934 0,025762 4,243130 -0,025934 0,000001 0,999664 0,352537
-0,281548 -0,959522 -0,006988 2,992251 0,959226 -0,281635 0,023800 4,433858 -0,024805 -0,000002 0,999692 0,352454
-0,289827 -0,957050 -0,007466 2,923811 0,956732 -0,289923 0,024650 4,669172 -0,025756 0,000001 0,999668 0,352523
-0,467352 -0,884000 -0,011253 2,896434 0,883744 -0,467488 0,021277 4,776349 -0,024070 -0,000001 0,999710 0,352396
-0,598786 -0,800794 -0,013598 2,885470 0,800587 -0,598940 0,018187 4,821680 -0,022708 0,000004 0,999742 0,352292
-0,638414 -0,769515 -0,016552 2,708943 0,769257 -0,638628 0,019948 5,040406 -0,025921 0,000003 0,999664 0,352531
-0,637779 -0,770042 -0,016536 2,542866 0,769783 -0,637993 0,019956 5,240647 -0,025917 -0,000002 0,999664 0,352536
-0,760315 -0,649269 -0,019269 2,407470 0,649061 -0,760559 0,016446 5,393141 -0,025333 -0,000003 0,999679 0,352492
-0,881469 -0,471755 -0,021455 2,292869 0,471615 -0,881730 0,011478 5,494027 -0,024332 -0,000001 0,999704 0,352416
-0,881294 -0,472018 -0,022798 2,093490 0,471860 -0,881589 0,012206 5,600718 -0,025860 -0,000000 0,999666 0,352531
-0,881139 -0,472304 -0,022870 1,874477 0,472145 -0,881436 0,012253 5,718014 -0,025945 -0,000001 0,999663 0,352538
-0,881290 -0,472023 -0,022844 1,645244 0,471864 -0,881586 0,012231 5,840824 -0,025913 -0,000000 0,999664 0,352536
-0,881312 -0,471982 -0,022855 1,410264 0,471823 -0,881608 0,012243 5,966622 -0,025928 0,000006 0,999664 0,352532
-0,889377 -0,456603 -0,022860 1,195791 0,456452 -0,889671 0,011732 6,082806 -0,025695 -0,000001 0,999670 0,352520
-0,951011 -0,308187 -0,024451 1,002933 0,308085 -0,951326 0,007920 6,166127 -0,025701 -0,000001 0,999670 0,352520
-0,950878 -0,308581 -0,024671 0,755185 0,308477 -0,951198 0,008001 6,246442 -0,025936 -0,000002 0,999664 0,352537
-0,950754 -0,308964 -0,024662 0,518814 0,308860 -0,951074 0,008010 6,323134 -0,025930 -0,000001 0,999664 0,352537
-0,987880 -0,153292 -0,024367 0,308631 0,153245 -0,988181 0,003778 6,393322 -0,024658 -0,000002 0,999696 0,352443
-0,988686 -0,147792 -0,025635 0,050936 0,147743 -0,989018 0,003829 6,432274 -0,025920 -0,000002 0,999664 0,352536
-0,988650 -0,148033 -0,025638 -0,206287 0,147983 -0,988982 0,003836 6,470734 -0,025923 -0,000002 0,999664 0,352536
-0,988662 -0,147957 -0,025629 -0,475928 0,147908 -0,988994 0,003828 6,511100 -0,025913 -0,000006 0,999664 0,352531
-0,988729 -0,147498 -0,025663 -0,739705 0,147449 -0,989062 0,003826 6,550485 -0,025947 -0,000001 0,999663 0,352538
-0,999454 -0,021046 -0,025470 -0,959850 0,021039 -0,999779 0,000534 6,577134 -0,025476 -0,000002 0,999675 0,352503
-0,985894 0,165711 -0,023520 -1,142944 -0,165664 -0,986174 -0,003954 6,587652 -0,023850 -0,000002 0,999716 0,352383
-0,925467 0,378276 -0,020446 -1,164527 -0,378184 -0,925693 -0,008353 6,600866 -0,022086 0,000002 0,999756 0,352246
-0,846688 0,531721 -0,019803 -1,213668 -0,531576 -0,846920 -0,012433 6,586112 -0,023382 -0,000000 0,999727 0,352343
-0,846800 0,531462 -0,021874 -1,416840 -0,531284 -0,847082 -0,013725 6,458574 -0,025824 -0,000001 0,999667 0,352528
-0,846931 0,531248 -0,021969 -1,627081 -0,531069 -0,847216 -0,013773 6,326710 -0,025930 0,000003 0,999664 0,352537
-0,720705 0,693029 -0,017184 -1,777504 -0,692832 -0,720910 -0,016523 6,239603 -0,023839 -0,000002 0,999716 0,352379
-0,719974 0,693754 -0,018510 -1,887541 -0,693525 -0,720212 -0,017832 6,133692 -0,025702 -0,000001 0,999670 0,352520
-0,720429 0,693277 -0,018682 -2,062280 -0,693044 -0,720671 -0,017972 5,965440 -0,025923 -0,000000 0,999664 0,352537
-0,571083 0,820778 -0,013697 -2,204773 -0,820542 -0,571247 -0,019682 5,836190 -0,023979 -0,000001 0,999712 0,352391
-0,564625 0,825218 -0,014614 -2,321775 -0,824942 -0,564814 -0,021356 5,666353 -0,025877 -0,000002 0,999665 0,352533
-0,447191 0,894374 -0,010760 -2,447512 -0,894115 -0,447320 -0,021510 5,494426 -0,024051 0,000002 0,999711 0,352396
-0,316569 0,948542 -0,007224 -2,468843 -0,948295 -0,316652 -0,021644 5,473484 -0,022818 -0,000002 0,999740 0,352302
-0,193530 0,981084 -0,004569 -2,486948 -0,980810 -0,193584 -0,023159 5,432264 -0,023606 -0,000001 0,999721 0,352360
-0,009479 0,999955 -0,000225 -2,527290 -0,999675 -0,009482 -0,023657 5,264123 -0,023658 0,000001 0,999720 0,352365
0,059423 0,998232 0,001471 -2,530748 -0,997924 0,059441 -0,024798 5,111530 -0,024842 0,000005 0,999691 0,352452
0,193720 0,981045 0,004785 -2,526667 -0,980746 0,193779 -0,024215 5,026814 -0,024683 -0,000002 0,999695 0,352442
0,381664 0,924257 0,008989 -2,508522 -0,924001 0,381770 -0,021756 4,893250 -0,023540 -0,000002 0,999723 0,352358
0,476095 0,879318 0,011533 -2,455055 -0,879061 0,476234 -0,021292 4,749660 -0,024215 -0,000001 0,999707 0,352408
0,855187 0,517968 0,019077 -2,448110 -0,517839 0,855400 -0,011551 4,686425 -0,022301 -0,000000 0,999751 0,352263
0,858191 0,512856 0,022066 -2,273663 -0,512687 0,858475 -0,013179 4,581677 -0,025701 -0,000003 0,999670 0,352520
0,858211 0,512815 0,022265 -2,060292 -0,512642 0,858499 -0,013303 4,454189 -0,025936 0,000003 0,999664 0,352534
0,867230 0,497406 0,022341 -1,923598 -0,497241 0,867518 -0,012807 4,371204 -0,025752 -0,000002 0,999668 0,352525
0,937384 0,347513 0,023379 -1,820273 -0,347405 0,937675 -0,008663 4,313152 -0,024933 -0,000001 0,999689 0,352461
0,956934 0,289275 0,024432 -1,641018 -0,289181 0,957246 -0,007382 4,247805 -0,025522 -0,000001 0,999674 0,352507
0,956872 0,289446 0,024838 -1,402512 -0,289348 0,957194 -0,007512 4,175716 -0,025949 0,000001 0,999663 0,352538
0,966345 0,256063 0,024674 -1,178238 -0,255980 0,966660 -0,006534 4,105884 -0,025525 -0,000002 0,999674 0,352509
0,992140 0,122521 0,025449 -0,973401 -0,122481 0,992466 -0,003141 4,064767 -0,025642 -0,000001 0,999671 0,352515
0,992915 0,116013 0,025699 -0,698445 -0,115974 0,993248 -0,003000 4,030277 -0,025874 -0,000001 0,999665 0,352533
0,997993 0,057783 0,025897 -0,476689 -0,057764 0,998329 -0,001497 4,011143 -0,025941 -0,000002 0,999663 0,352538
0,997998 0,057711 0,025874 -0,216368 -0,057692 0,998333 -0,001494 3,996110 -0,025917 -0,000002 0,999664 0,352537
0,998731 -0,043805 0,024840 0,042256 0,043792 0,999040 0,001090 3,977827 -0,024864 -0,000001 0,999691 0,352458
0,998139 -0,055200 0,025904 0,282345 0,055182 0,998475 0,001431 3,990108 -0,025943 0,000001 0,999663 0,352538
0,998133 -0,055321 0,025882 0,524326 0,055302 0,998469 0,001436 4,003491 -0,025922 -0,000002 0,999664 0,352536
0,998140 -0,055189 0,025912 0,778355 0,055171 0,998476 0,001434 4,017556 -0,025952 -0,000002 0,999663 0,352539
0,998115 -0,055651 0,025872 1,038626 0,055632 0,998450 0,001440 4,031961 -0,025912 0,000002 0,999664 0,352535
0,998098 -0,055942 0,025884 1,298276 0,055923 0,998434 0,001451 4,046496 -0,025924 -0,000001 0,999664 0,352536
0,998136 -0,055259 0,025903 1,541245 0,055241 0,998472 0,001436 4,060048 -0,025943 -0,000002 0,999663 0,352538
0,999084 -0,034257 0,025636 1,761559 0,034246 0,999413 0,000878 4,073657 -0,025651 0,000001 0,999671 0,352518
0,928123 0,371710 0,020499 1,798516 -0,371619 0,928349 -0,008207 4,103913 -0,022081 -0,000001 0,999756 0,352247
0,842614 0,538093 0,021407 1,934806 -0,537920 0,842885 -0,013666 4,036456 -0,025397 0,000001 0,999677 0,352497
0,842919 0,537596 0,021846 2,170375 -0,537416 0,843202 -0,013929 3,886136 -0,025909 0,000001 0,999664 0,352535
0,723452 0,690148 0,017702 2,337591 -0,689942 0,723668 -0,016885 3,782463 -0,024464 0,000002 0,999701 0,352427
0,717788 0,696012 0,018639 2,516461 -0,695777 0,718030 -0,018067 3,610059 -0,025958 -0,000001 0,999663 0,352540
0,653040 0,757147 0,016350 2,685833 -0,756910 0,653244 -0,018950 3,450427 -0,025028 -0,000000 0,999687 0,352471
0,531978 0,846660 0,012902 2,831831 -0,846411 0,532135 -0,020526 3,288135 -0,024244 -0,000001 0,999706 0,352411
0,135315 0,990797 0,003272 2,896618 -0,990508 0,135355 -0,023951 3,173411 -0,024173 0,000000 0,999708 0,352406
0,135645 0,990751 0,003507 2,931769 -0,990419 0,135690 -0,025644 2,916225 -0,025882 0,000005 0,999665 0,352529
0,136280 0,990664 0,003532 2,964738 -0,990331 0,136325 -0,025706 2,675975 -0,025948 0,000006 0,999663 0,352534
0,135735 0,990739 0,003520 2,997891 -0,990406 0,135781 -0,025671 2,434987 -0,025911 -0,000002 0,999664 0,352536
0,033529 0,999437 0,000829 3,031923 -0,999131 0,033540 -0,024729 2,221081 -0,024743 0,000001 0,999694 0,352448
-0,022165 0,999754 -0,000574 3,032090 -0,999420 -0,022172 -0,025843 1,985227 -0,025849 0,000001 0,999666 0,352531
-0,022413 0,999749 -0,000583 3,026725 -0,999413 -0,022421 -0,025913 1,743124 -0,025919 0,000002 0,999664 0,352532
-0,023184 0,999731 -0,000605 3,020661 -0,999394 -0,023192 -0,025950 1,476382 -0,025957 0,000003 0,999663 0,352539
-0,026799 0,999641 -0,000695 3,029211 -0,999305 -0,026808 -0,025911 1,180468 -0,025920 0,000000 0,999664 0,352537
-0,026654 0,999644 -0,000690 3,022230 -0,999309 -0,026663 -0,025913 0,918663 -0,025922 -0,000001 0,999664 0,352536
-0,027358 0,999625 -0,000712 3,014474 -0,999289 -0,027367 -0,025938 0,631437 -0,025948 0,000002 0,999663 0,352538
-0,026738 0,999642 -0,000695 3,007256 -0,999306 -0,026747 -0,025920 0,365321 -0,025930 0,000001 0,999664 0,352537
-0,026728 0,999642 -0,000691 3,000332 -0,999307 -0,026736 -0,025902 0,105680 -0,025911 -0,000002 0,999664 0,352536
-0,026997 0,999635 -0,000702 2,992861 -0,999299 -0,027006 -0,025941 -0,172522 -0,025950 0,000001 0,999663 0,352539
-0,026501 0,999649 -0,000690 2,986173 -0,999312 -0,026510 -0,025920 -0,421591 -0,025929 0,000003 0,999664 0,352532
-0,026427 0,999651 -0,000684 2,979474 -0,999315 -0,026435 -0,025901 -0,675963 -0,025910 -0,000001 0,999664 0,352535
-0,026580 0,999646 -0,000691 2,972578 -0,999310 -0,026589 -0,025941 -0,936391 -0,025950 0,000001 0,999663 0,352539
-0,026140 0,999658 -0,000679 2,965205 -0,999322 -0,026149 -0,025923 -1,215247 -0,025932 0,000001 0,999664 0,352537
-0,026446 0,999650 -0,000697 2,958427 -0,999314 -0,026455 -0,025904 -1,475305 -0,025914 0,000012 0,999664 0,352531
-0,027082 0,999633 -0,000704 2,951575 -0,999296 -0,027091 -0,025944 -1,732082 -0,025953 0,000001 0,999663 0,352539
-0,026386 0,999652 -0,000684 2,944926 -0,999316 -0,026395 -0,025919 -1,979870 -0,025928 -0,000000 0,999664 0,352533
-0,026459 0,999650 -0,000675 2,938118 -0,999314 -0,026467 -0,025903 -2,239824 -0,025912 -0,000011 0,999664 0,352531
-0,027144 0,999631 -0,000706 2,931323 -0,999294 -0,027153 -0,025951 -2,494231 -0,025961 0,000001 0,999663 0,352539
-0,026853 0,999639 -0,000697 2,923979 -0,999303 -0,026862 -0,025925 -2,766068 -0,025934 0,000001 0,999664 0,352538
-0,026836 0,999640 -0,000695 2,917517 -0,999304 -0,026845 -0,025913 -3,007798 -0,025922 -0,000001 0,999664 0,352536
-0,027208 0,999630 -0,000707 2,911005 -0,999293 -0,027217 -0,025947 -3,250050 -0,025957 0,000000 0,999663 0,352539
-0,026775 0,999641 -0,000696 2,904289 -0,999306 -0,026784 -0,025904 -3,498418 -0,025913 0,000002 0,999664 0,352536
-0,026472 0,999649 -0,000685 2,897735 -0,999313 -0,026481 -0,025925 -3,746120 -0,025934 -0,000002 0,999664 0,352537
-0,026676 0,999644 -0,000691 2,890862 -0,999307 -0,026685 -0,025946 -4,006146 -0,025955 -0,000001 0,999663 0,352539
-0,026473 0,999649 -0,000688 2,883956 -0,999313 -0,026482 -0,025910 -4,266081 -0,025919 0,000001 0,999664 0,352536
-0,026295 0,999654 -0,000681 2,877120 -0,999318 -0,026304 -0,025918 -4,526161 -0,025927 -0,000001 0,999664 0,352536
-0,026534 0,999648 -0,000687 2,870305 -0,999311 -0,026543 -0,025936 -4,785903 -0,025946 -0,000002 0,999663 0,352538
-0,026378 0,999652 -0,000685 2,863416 -0,999316 -0,026387 -0,025911 -5,046101 -0,025920 0,000001 0,999664 0,352537
-0,026330 0,999653 -0,000682 2,856740 -0,999317 -0,026339 -0,025923 -5,300869 -0,025932 -0,000001 0,999664 0,352537
-0,027172 0,999631 -0,000704 2,849846 -0,999294 -0,027181 -0,025933 -5,560906 -0,025942 -0,000001 0,999663 0,352538
-0,027014 0,999635 -0,000708 2,842641 -0,999299 -0,027023 -0,025903 -5,827172 -0,025912 0,000008 0,999664 0,352532
-0,022316 0,999751 -0,000576 2,835759 -0,999416 -0,022323 -0,025867 -6,074069 -0,025873 -0,000002 0,999665 0,352534
0,200084 0,979767 0,004771 2,827670 -0,979489 0,200140 -0,023351 -6,197461 -0,023833 -0,000001 0,999716 0,352377
-0,058626 0,998279 -0,001378 2,847544 -0,998004 -0,058642 -0,023439 -6,196115 -0,023479 0,000001 0,999724 0,352354
-0,625498 0,780104 -0,013744 2,886690 -0,779916 -0,625649 -0,017141 -6,218510 -0,021971 -0,000002 0,999759 0,352239
-0,757920 0,652062 -0,019296 2,775926 -0,651851 -0,758166 -0,016595 -6,335751 -0,025451 0,000001 0,999676 0,352501
-0,757861 0,652119 -0,019678 2,592036 -0,651899 -0,758116 -0,016926 -6,493729 -0,025957 0,000001 0,999663 0,352539
-0,875073 0,483531 -0,021107 2,479795 -0,483391 -0,875327 -0,011657 -6,596628 -0,024112 0,000002 0,999709 0,352399
-0,922356 0,385766 -0,021069 2,481758 -0,385665 -0,922597 -0,008809 -6,604798 -0,022836 0,000001 0,999739 0,352304
-0,994649 0,100974 -0,021840 2,487919 -0,100950 -0,994889 -0,002216 -6,626253 -0,021952 0,000000 0,999759 0,352234
-0,995424 0,092038 -0,025682 2,289408 -0,092007 -0,995755 -0,002372 -6,645062 -0,025791 0,000002 0,999667 0,352526
-0,995417 0,092076 -0,025822 2,018310 -0,092046 -0,995752 -0,002378 -6,669930 -0,025931 0,000010 0,999664 0,352535
-0,997233 -0,070489 -0,023616 1,880370 0,070469 -0,997513 0,001677 -6,692469 -0,023676 0,000008 0,999720 0,352362
-0,957241 -0,288512 -0,021233 1,875754 0,288441 -0,957476 0,006395 -6,708803 -0,022176 -0,000003 0,999754 0,352253
-0,950628 -0,309370 -0,024437 1,711197 0,309268 -0,950942 0,007951 -6,656795 -0,025698 0,000000 0,999670 0,352519
-0,950645 -0,309299 -0,024678 1,474796 0,309194 -0,950965 0,008035 -6,579736 -0,025953 0,000008 0,999663 0,352534
-0,950859 -0,308640 -0,024652 1,226894 0,308536 -0,951179 0,008005 -6,498992 -0,025919 0,000006 0,999664 0,352531
-0,958839 -0,282892 -0,024509 0,997414 0,282799 -0,959152 0,007226 -6,422711 -0,025552 -0,000002 0,999673 0,352509
-0,992446 -0,120332 -0,023911 0,916646 0,120297 -0,992734 0,002897 -6,393160 -0,024086 -0,000001 0,999710 0,352397
-0,992330 -0,120973 -0,025424 0,805241 0,120933 -0,992656 0,003097 -6,379405 -0,025612 -0,000002 0,999672 0,352514
-0,999545 -0,017162 -0,024808 0,584798 0,017157 -0,999853 0,000424 -6,348637 -0,024812 -0,000002 0,999692 0,352454
-0,999664 -0,000703 -0,025898 0,333844 0,000703 -1,000000 0,000017 -6,346853 -0,025898 -0,000001 0,999665 0,352534
-0,986631 0,161244 -0,023639 0,125994 -0,161198 -0,986915 -0,003864 -6,339869 -0,023953 -0,000002 0,999713 0,352388
-0,972148 0,233048 -0,024828 -0,122867 -0,232972 -0,972465 -0,005952 -6,385880 -0,025532 -0,000002 0,999674 0,352509
-0,918583 0,394578 -0,022650 -0,231113 -0,394459 -0,918862 -0,009728 -6,410384 -0,024651 -0,000001 0,999696 0,352440
-0,918719 0,394197 -0,023756 -0,416401 -0,394065 -0,919026 -0,010190 -6,489713 -0,025850 -0,000000 0,999666 0,352531
-0,818730 0,573827 -0,020112 -0,580058 -0,573654 -0,818977 -0,014093 -6,559943 -0,024559 -0,000001 0,999698 0,352435
-0,731105 0,682037 -0,017635 -0,748602 -0,681839 -0,731318 -0,016438 -6,670198 -0,024107 0,000006 0,999709 0,352401
-0,686471 0,726942 -0,017695 -0,892466 -0,726701 -0,686699 -0,018736 -6,813662 -0,025771 -0,000002 0,999668 0,352525
-0,524481 0,851327 -0,012745 -1,019968 -0,851075 -0,524636 -0,020684 -6,945693 -0,024295 -0,000002 0,999705 0,352418
-0,459878 0,887909 -0,011440 -1,129605 -0,887634 -0,460020 -0,022084 -7,116206 -0,024871 -0,000001 0,999691 0,352458
-0,074159 0,997245 -0,001678 -1,181390 -0,996989 -0,074178 -0,022584 -7,182744 -0,022646 -0,000002 0,999744 0,352289
-0,040183 0,999192 -0,001016 -1,195863 -0,998871 -0,040196 -0,025315 -7,375461 -0,025336 -0,000002 0,999679 0,352493
0,339627 0,940528 0,007734 -1,212786 -0,940285 0,339715 -0,021409 -7,486265 -0,022763 -0,000001 0,999741 0,352299
0,358622 0,933437 0,009273 -1,139657 -0,933125 0,358742 -0,024127 -7,680842 -0,025847 -0,000000 0,999666 0,352530
0,502310 0,864602 0,012182 -1,065072 -0,864348 0,502458 -0,020959 -7,887350 -0,024242 -0,000002 0,999706 0,352411
0,511290 0,859307 0,013231 -0,946761 -0,859019 0,511461 -0,022224 -8,087404 -0,025864 -0,000003 0,999665 0,352532
0,699349 0,714593 0,016378 -0,871919 -0,714397 0,699541 -0,016727 -8,229384 -0,023410 -0,000002 0,999726 0,352349
0,727583 0,685764 0,018724 -0,747048 -0,685537 0,727824 -0,017641 -8,351541 -0,025725 -0,000001 0,999669 0,352521
0,924358 0,380977 0,020470 -0,648531 -0,380884 0,924584 -0,008434 -8,469794 -0,022139 -0,000001 0,999755 0,352252
0,969401 0,244264 0,024443 -0,514723 -0,244186 0,969709 -0,006155 -8,516407 -0,025206 -0,000002 0,999682 0,352482
0,996570 0,079175 0,024092 -0,316255 -0,079152 0,996861 -0,001911 -8,571334 -0,024168 -0,000002 0,999708 0,352406
0,997710 0,062531 0,025763 -0,087408 -0,062510 0,998043 -0,001613 -8,587295 -0,025814 -0,000001 0,999667 0,352529
0,994317 -0,103445 0,025140 0,093564 0,103412 0,994635 0,002616 -8,591743 -0,025275 -0,000001 0,999681 0,352488
0,994297 -0,103486 0,025789 0,326755 0,103451 0,994631 0,002683 -8,567150 -0,025928 0,000000 0,999664 0,352537
0,978976 -0,202508 0,024403 0,567169 0,202446 0,979281 0,005049 -8,544504 -0,024920 -0,000003 0,999689 0,352464
0,962537 -0,270080 0,024059 0,788979 0,269995 0,962838 0,006749 -8,500803 -0,024988 -0,000000 0,999688 0,352466
0,927526 -0,372989 0,023961 0,989756 0,372865 0,927836 0,009633 -8,431600 -0,025825 -0,000000 0,999666 0,352529
0,838532 -0,544471 0,020362 1,159476 0,544311 0,838779 0,013219 -8,366282 -0,024277 -0,000001 0,999705 0,352414
0,837641 -0,545793 0,021619 1,336720 0,545612 0,837920 0,014067 -8,251040 -0,025792 0,000012 0,999667 0,352523
0,660568 -0,750606 0,015523 1,456503 0,750399 0,660750 0,017637 -8,180137 -0,023495 -0,000002 0,999724 0,352354
0,655847 -0,754703 0,016976 1,587991 0,754451 0,656066 0,019528 -8,029223 -0,025875 -0,000000 0,999665 0,352533
0,513722 -0,857865 0,012527 1,728297 0,857610 0,513874 0,020916 -7,871394 -0,024381 -0,000002 0,999703 0,352422
0,348392 -0,937312 0,008281 1,822049 0,937048 0,348490 0,022271 -7,726120 -0,023760 0,000001 0,999718 0,352375
0,327206 -0,944915 0,008471 1,896681 0,944598 0,327315 0,024460 -7,516207 -0,025885 -0,000001 0,999665 0,352533
0,217749 -0,975989 0,005596 1,965900 0,975666 0,217821 0,025079 -7,292118 -0,025696 -0,000001 0,999670 0,352519
0,046040 -0,998939 0,001164 2,002430 0,998619 0,046055 0,025290 -7,087398 -0,025317 -0,000002 0,999679 0,352491
-0,095498 -0,995427 -0,002307 2,018165 0,995137 -0,095526 0,024015 -6,878458 -0,024125 -0,000003 0,999709 0,352401
-0,155585 -0,987815 -0,003949 2,007634 0,987497 -0,155635 0,025055 -6,776844 -0,025364 -0,000002 0,999678 0,352494
-0,155463 -0,987833 -0,004035 1,974310 0,987501 -0,155516 0,025636 -6,565499 -0,025952 0,000001 0,999663 0,352539
-0,213599 -0,976907 -0,005359 1,940480 0,976600 -0,213667 0,024496 -6,329669 -0,025075 -0,000001 0,999686 0,352474
-0,465365 -0,885058 -0,010398 1,945569 0,884837 -0,465481 0,019792 -6,274455 -0,022357 0,000010 0,999750 0,352267
-0,680149 -0,732910 -0,015515 1,942023 0,732719 -0,680326 0,016712 -6,240926 -0,022804 -0,000001 0,999740 0,352299
-0,679846 -0,733144 -0,017565 1,797795 0,732900 -0,680073 0,018933 -6,085417 -0,025826 -0,000002 0,999666 0,352524
-0,679361 -0,733593 -0,017611 1,629966 0,733346 -0,679590 0,019009 -5,904311 -0,025913 -0,000001 0,999664 0,352535
-0,679309 -0,733641 -0,017632 1,483279 0,733393 -0,679538 0,019040 -5,745836 -0,025951 0,000003 0,999663 0,352539
-0,679497 -0,733467 -0,017614 1,387584 0,733221 -0,679725 0,019009 -5,642372 -0,025915 0,000002 0,999664 0,352535
-0,680012 -0,732988 -0,017659 1,258428 0,732741 -0,680242 0,019028 -5,502972 -0,025960 0,000000 0,999663 0,352540
-0,679980 -0,733018 -0,017630 1,089795 0,732772 -0,680209 0,018996 -5,321180 -0,025916 -0,000002 0,999664 0,352536
-0,679950 -0,733047 -0,017645 0,921530 0,732800 -0,680178 0,019018 -5,139732 -0,025943 0,000001 0,999663 0,352538
-0,739887 -0,672482 -0,018285 0,781488 0,672277 -0,740113 0,016592 -4,981134 -0,024691 -0,000016 0,999695 0,352445
-0,817026 -0,576258 -0,019886 0,738788 0,576087 -0,817268 0,014021 -4,937529 -0,024332 -0,000001 0,999704 0,352415
-0,816760 -0,576591 -0,021122 0,555946 0,576398 -0,817033 0,014904 -4,808442 -0,025851 -0,000002 0,999666 0,352532
-0,917529 -0,397054 -0,022112 0,439044 0,396939 -0,917795 0,009564 -4,720622 -0,024091 -0,000001 0,999710 0,352398
-0,917409 -0,397234 -0,023767 0,272919 0,397101 -0,917717 0,010287 -4,648571 -0,025898 -0,000001 0,999665 0,352535
-0,917538 -0,396935 -0,023801 0,034378 0,396802 -0,917847 0,010292 -4,545247 -0,025931 -0,000001 0,999664 0,352537
-0,917236 -0,397632 -0,023795 -0,188143 0,397498 -0,917545 0,010310 -4,448833 -0,025933 -0,000002 0,999664 0,352537
-0,917290 -0,397509 -0,023786 -0,404768 0,397375 -0,917598 0,010305 -4,354823 -0,025923 0,000001 0,999664 0,352537
-0,917430 -0,397183 -0,023822 -0,636968 0,397049 -0,917739 0,010309 -4,254157 -0,025957 -0,000001 0,999663 0,352539
-0,876117 -0,481615 -0,021616 -0,819384 0,481468 -0,876383 0,011880 -4,181399 -0,024665 0,000001 0,999696 0,352444
-0,832479 -0,553644 -0,021371 -0,952649 0,553462 -0,832753 0,014210 -4,101704 -0,025664 0,000002 0,999671 0,352516
-0,763084 -0,646021 -0,018953 -1,143112 0,645822 -0,763320 0,016042 -3,978856 -0,024831 0,000001 0,999692 0,352455
-0,688211 -0,725314 -0,016884 -1,286367 0,725096 -0,688418 0,017789 -3,863950 -0,024526 0,000000 0,999699 0,352432
-0,627575 -0,778391 -0,016025 -1,366367 0,778137 -0,627780 0,019870 -3,775452 -0,025527 0,000000 0,999674 0,352507
-0,571058 -0,820785 -0,014328 -1,510254 0,820526 -0,571238 0,020585 -3,602598 -0,025081 -0,000001 0,999685 0,352474
-0,537877 -0,842908 -0,013926 -1,652157 0,842626 -0,538057 0,021819 -3,387309 -0,025885 0,000002 0,999665 0,352533
-0,434793 -0,900464 -0,010931 -1,768478 0,900180 -0,434930 0,022634 -3,208038 -0,025136 0,000002 0,999684 0,352479
-0,331108 -0,943557 -0,008240 -1,870400 0,943265 -0,331211 0,023476 -3,004092 -0,024880 0,000000 0,999690 0,352459
-0,321327 -0,946932 -0,008319 -1,948934 0,946615 -0,321435 0,024506 -2,775655 -0,025879 -0,000000 0,999665 0,352533
-0,199071 -0,979972 -0,005058 -2,016633 0,979656 -0,199136 0,024898 -2,569553 -0,025407 0,000001 0,999677 0,352500
-0,048567 -0,998819 -0,001188 -2,061391 0,998520 -0,048582 0,024461 -2,334772 -0,024490 0,000001 0,999700 0,352430
-0,025838 -0,999666 -0,000667 -2,074947 0,999332 -0,025847 0,025837 -2,102380 -0,025845 0,000002 0,999666 0,352530
0,100379 -0,994946 0,002471 -2,085152 0,994645 0,100410 0,024487 -1,870813 -0,024611 -0,000000 0,999697 0,352440
0,141286 -0,989962 0,003666 -2,054901 0,989629 0,141334 0,025673 -1,642823 -0,025933 0,000001 0,999664 0,352537
0,308266 -0,951270 0,007608 -2,025229 0,950980 0,308360 0,023467 -1,436488 -0,024670 0,000001 0,999696 0,352444
0,141269 -0,989965 0,003378 -1,957628 0,989683 0,141309 0,023660 -1,254242 -0,023900 0,000000 0,999714 0,352385
0,270021 -0,962831 0,006749 -1,960960 0,962530 0,270106 0,024055 -1,221981 -0,024984 0,000001 0,999688 0,352468
0,270654 -0,962651 0,007026 -1,915850 0,962327 0,270745 0,024974 -1,068683 -0,025944 0,000001 0,999663 0,352538
0,361924 -0,932164 0,009019 -1,852695 0,931875 0,362037 0,023219 -0,836839 -0,024909 0,000001 0,999690 0,352461
0,378830 -0,925414 0,009819 -1,755820 0,925104 0,378957 0,023962 -0,602327 -0,025896 0,000006 0,999665 0,352531
0,554439 -0,832112 0,013646 -1,677794 0,831860 0,554607 0,020474 -0,414021 -0,024605 0,000000 0,999697 0,352439
0,609676 -0,792503 0,015322 -1,553176 0,792253 0,609868 0,019909 -0,227610 -0,025122 0,000001 0,999684 0,352477
0,769077 -0,638885 0,018618 -1,449728 0,638698 0,769302 0,015459 -0,096324 -0,024200 0,000002 0,999707 0,352407
0,944406 -0,328098 0,021204 -1,430570 0,328015 0,944644 0,007364 -0,052311 -0,022447 0,000001 0,999748 0,352274
0,956525 -0,290614 0,024558 -1,271756 0,290519 0,956840 0,007457 0,000038 -0,025666 0,000002 0,999671 0,352516
0,956362 -0,291128 0,024812 -1,035461 0,291030 0,956684 0,007550 0,072403 -0,025935 0,000000 0,999664 0,352538
0,961471 -0,273792 0,024738 -0,808624 0,273702 0,961789 0,007042 0,143207 -0,025721 0,000000 0,999669 0,352522
0,993148 -0,114032 0,025588 -0,596555 0,113994 0,993477 0,002936 0,189064 -0,025756 0,000001 0,999668 0,352524
0,993160 -0,113879 0,025781 -0,355565 0,113840 0,993495 0,002953 0,217276 -0,025949 0,000002 0,999663 0,352538
0,993092 -0,114479 0,025753 -0,102695 0,114440 0,993426 0,002966 0,246856 -0,025923 0,000002 0,999664 0,352536
0,993058 -0,114770 0,025752 0,139342 0,114731 0,993392 0,002977 0,275362 -0,025924 -0,000002 0,999664 0,352536
0,993067 -0,114684 0,025785 0,387321 0,114645 0,993402 0,002977 0,304564 -0,025957 -0,000000 0,999663 0,352539
0,993005 -0,115236 0,025740 0,627951 0,115197 0,993338 0,002985 0,332927 -0,025912 0,000001 0,999664 0,352535
0,992957 -0,115640 0,025751 0,886927 0,115601 0,993291 0,002996 0,363586 -0,025925 0,000002 0,999664 0,352532
0,993019 -0,115103 0,025778 1,127708 0,115064 0,993354 0,002989 0,392121 -0,025950 -0,000002 0,999663 0,352538
0,992963 -0,115591 0,025747 1,374153 0,115552 0,993297 0,002995 0,421264 -0,025921 0,000001 0,999664 0,352537
0,992947 -0,115724 0,025767 1,620994 0,115685 0,993281 0,003000 0,450561 -0,025941 0,000002 0,999663 0,352533
0,993033 -0,114985 0,025765 1,880157 0,114946 0,993367 0,002971 0,481225 -0,025935 0,000012 0,999664 0,352533
0,975242 -0,219839 0,023970 2,101132 0,219772 0,975536 0,005404 0,502166 -0,024571 -0,000002 0,999698 0,352435
0,942572 -0,333157 0,023746 2,321517 0,333051 0,942872 0,008392 0,559752 -0,025185 -0,000002 0,999683 0,352482
0,889350 -0,456658 0,022799 2,509799 0,456508 0,889642 0,011703 0,640056 -0,025627 -0,000000 0,999672 0,352514
0,796992 -0,603646 0,020350 2,709403 0,603450 0,797252 0,015410 0,755871 -0,025526 -0,000001 0,999674 0,352507
0,669448 -0,742671 0,016695 2,837246 0,742440 0,669656 0,018519 0,857226 -0,024934 -0,000002 0,999689 0,352463
0,377819 -0,925842 0,008327 2,909884 0,925617 0,377910 0,020405 0,906638 -0,022038 -0,000002 0,999757 0,352244
0,070183 -0,997533 0,001538 2,947025 0,997294 0,070199 0,021856 0,945685 -0,021910 0,000000 0,999760 0,352233
-0,003240 -0,999995 -0,000084 2,952070 0,999661 -0,003241 0,025833 1,173910 -0,025834 -0,000000 0,999666 0,352529
-0,002495 -0,999997 -0,000066 2,951510 0,999661 -0,002496 0,025921 1,423172 -0,025921 -0,000001 0,999664 0,352536
-0,002412 -0,999997 -0,000065 2,951098 0,999660 -0,002413 0,025948 1,666298 -0,025948 -0,000002 0,999663 0,352539
-0,002694 -0,999996 -0,000068 2,950694 0,999661 -0,002694 0,025910 1,909651 -0,025910 0,000002 0,999664 0,352535
-0,003251 -0,999995 -0,000085 2,950157 0,999658 -0,003252 0,025938 2,153826 -0,025938 -0,000001 0,999664 0,352537
-0,002708 -0,999996 -0,000072 2,949545 0,999660 -0,002709 0,025930 2,409969 -0,025930 -0,000001 0,999664 0,352537
-0,003282 -0,999995 -0,000075 2,948970 0,999659 -0,003283 0,025912 2,689633 -0,025912 0,000010 0,999664 0,352532
-0,003923 -0,999992 -0,000102 2,948275 0,999656 -0,003924 0,025947 2,939692 -0,025947 -0,000001 0,999663 0,352538
-0,003415 -0,999994 -0,000086 2,947520 0,999658 -0,003416 0,025928 3,188958 -0,025928 0,000003 0,999664 0,352532
-0,105158 -0,994452 -0,002701 2,942468 0,994125 -0,105193 0,025510 3,405707 -0,025653 -0,000002 0,999671 0,352516
-0,219799 -0,975530 -0,005487 2,920327 0,975226 -0,219868 0,024332 3,632690 -0,024943 -0,000003 0,999689 0,352463
-0,371683 -0,928317 -0,008891 2,879994 0,928052 -0,371790 0,022194 3,841846 -0,023909 -0,000002 0,999714 0,352377
-0,478389 -0,878079 -0,010998 2,876631 0,877847 -0,478515 0,020181 3,872916 -0,022983 -0,000000 0,999736 0,352315
-0,612859 -0,790077 -0,013495 2,886977 0,789886 -0,613007 0,017393 3,880322 -0,022014 -0,000000 0,999758 0,352240
-0,734909 -0,677964 -0,016517 2,881552 0,677793 -0,735095 0,015233 3,903333 -0,022469 -0,000000 0,999748 0,352273
-0,786334 -0,617510 -0,018983 2,793098 0,617330 -0,786563 0,014902 3,992193 -0,024134 -0,000001 0,999709 0,352402
-0,858707 -0,512089 -0,019676 2,782245 0,511954 -0,858933 0,011729 4,012518 -0,022907 -0,000001 0,999738 0,352307
-0,941133 -0,337412 -0,020546 2,788740 0,337332 -0,941357 0,007363 4,026519 -0,021826 -0,000001 0,999762 0,352225
-0,987168 -0,158052 -0,022773 2,752817 0,158010 -0,987431 0,003643 4,047349 -0,023063 -0,000002 0,999734 0,352318
-0,987065 -0,158269 -0,025553 2,524574 0,158217 -0,987396 0,004094 4,084787 -0,025879 -0,000002 0,999665 0,352534
-0,999281 0,028828 -0,024605 2,312702 -0,028819 -0,999584 -0,000710 4,119736 -0,024616 -0,000001 0,999697 0,352439
-0,999216 0,029967 -0,025856 2,076004 -0,029957 -0,999551 -0,000776 4,113590 -0,025868 -0,000001 0,999665 0,352532
-0,999219 0,029824 -0,025928 1,899600 -0,029814 -0,999555 -0,000776 4,109161 -0,025940 -0,000002 0,999664 0,352538
-0,999208 0,030217 -0,025901 1,651188 -0,030207 -0,999543 -0,000782 4,102636 -0,025913 0,000001 0,999664 0,352536
-0,999191 0,030731 -0,025934 1,390751 -0,030721 -0,999528 -0,000798 4,095616 -0,025946 -0,000001 0,999663 0,352539
-0,999206 0,030284 -0,025909 1,148801 -0,030274 -0,999541 -0,000785 4,089098 -0,025921 0,000000 0,999664 0,352536
-0,999203 0,030373 -0,025909 0,905191 -0,030362 -0,999539 -0,000787 4,082634 -0,025921 0,000000 0,999664 0,352537
-0,999189 0,030789 -0,025950 0,638906 -0,030778 -0,999526 -0,000801 4,075436 -0,025962 -0,000002 0,999663 0,352540
-0,999184 0,030983 -0,025904 0,412383 -0,030972 -0,999520 -0,000803 4,069352 -0,025916 -0,000000 0,999664 0,352536
-0,999185 0,030948 -0,025926 0,158854 -0,030938 -0,999521 -0,000801 4,062416 -0,025938 0,000002 0,999664 0,352538
-0,999169 0,031428 -0,025948 -0,108193 -0,031418 -0,999506 -0,000816 4,055027 -0,025961 0,000000 0,999663 0,352540
-0,999172 0,031379 -0,025902 -0,350252 -0,031368 -0,999508 -0,000815 4,048316 -0,025915 -0,000002 0,999664 0,352536
-0,999180 0,031089 -0,025927 -0,598778 -0,031079 -0,999517 -0,000805 4,041474 -0,025939 0,000002 0,999664 0,352538
-0,999155 0,031894 -0,025925 -0,865226 -0,031883 -0,999491 -0,000826 4,034057 -0,025938 0,000001 0,999664 0,352537
-0,990582 -0,134783 -0,024082 -1,060252 0,134743 -0,990875 0,003272 4,022927 -0,024303 -0,000004 0,999705 0,352417
-0,987287 -0,156878 -0,025564 -1,272534 0,156826 -0,987618 0,004061 4,055544 -0,025885 0,000000 0,999665 0,352534
-0,946910 -0,320670 -0,023088 -1,481826 0,320575 -0,947191 0,007811 4,085254 -0,024373 -0,000005 0,999703 0,352421
-0,944318 -0,328121 -0,024492 -1,692228 0,328010 -0,944636 0,008511 4,158390 -0,025929 0,000003 0,999664 0,352539
-0,906925 -0,420636 -0,023481 -1,922560 0,420495 -0,907229 0,010889 4,251305 -0,025883 0,000002 0,999665 0,352533
-0,810236 -0,585751 -0,020327 -2,085378 0,585567 -0,810491 0,014692 4,332551 -0,025080 0,000001 0,999685 0,352474
-0,702908 -0,711079 -0,016969 -2,243149 0,710872 -0,703112 0,017162 4,439700 -0,024134 0,000001 0,999709 0,352401
-0,615657 -0,787872 -0,014994 -2,352056 0,787638 -0,615840 0,019183 4,543731 -0,024348 0,000000 0,999704 0,352419
-0,297185 -0,954795 -0,006825 -2,396616 0,954544 -0,297264 0,021923 4,578276 -0,022961 -0,000000 0,999736 0,352312
-0,168019 -0,985775 -0,004034 -2,456063 0,985489 -0,168068 0,023759 4,750367 -0,024099 0,000017 0,999710 0,352390
-0,114159 -0,993458 -0,002955 -2,486968 0,993125 -0,114198 0,025716 4,977304 -0,025885 0,000001 0,999665 0,352534
0,045487 -0,998964 0,001103 -2,517218 0,998672 0,045501 0,024184 5,185902 -0,024209 0,000002 0,999707 0,352406
0,089348 -0,995998 0,002286 -2,506137 0,995673 0,089377 0,025448 5,381478 -0,025550 0,000002 0,999674 0,352507
0,302160 -0,953228 0,007446 -2,487554 0,952939 0,302251 0,023480 5,546053 -0,024632 0,000001 0,999697 0,352439
0,634628 -0,772681 0,014500 -2,487109 0,772480 0,634794 0,017648 5,607157 -0,022841 0,000001 0,999739 0,352304
0,636749 -0,770897 0,016419 -2,369818 0,770641 0,636960 0,019868 5,749851 -0,025775 0,000002 0,999668 0,352525
0,775631 -0,630915 0,018535 -2,264979 0,630735 0,775852 0,015072 5,888102 -0,023889 0,000001 0,999715 0,352383
0,941896 -0,335210 0,021602 -2,240203 0,335122 0,942143 0,007687 5,928854 -0,022929 -0,000001 0,999737 0,352310
0,987258 -0,157485 0,022786 -2,206583 0,157443 0,987521 0,003634 5,951626 -0,023074 0,000000 0,999734 0,352321
0,987141 -0,157808 0,025490 -2,027985 0,157755 0,987470 0,004073 5,980672 -0,025813 0,000000 0,999667 0,352528
0,987051 -0,158350 0,025589 -1,788878 0,158297 0,987383 0,004093 6,019411 -0,025914 0,000010 0,999664 0,352532
0,986966 -0,158875 0,025623 -1,524443 0,158822 0,987299 0,004124 6,062374 -0,025953 -0,000001 0,999663 0,352539
0,987039 -0,158427 0,025590 -1,273227 0,158374 0,987371 0,004107 6,103264 -0,025918 -0,000001 0,999664 0,352536
0,987056 -0,158317 0,025601 -1,027750 0,158264 0,987388 0,004105 6,143095 -0,025928 0,000000 0,999664 0,352537
0,986952 -0,158959 0,025633 -0,787400 0,158906 0,987285 0,004126 6,182165 -0,025963 0,000001 0,999663 0,352540
0,986958 -0,158930 0,025586 -0,548207 0,158877 0,987290 0,004119 6,221169 -0,025916 -0,000000 0,999664 0,352536
0,987007 -0,158620 0,025610 -0,302872 0,158567 0,987340 0,004112 6,261098 -0,025938 0,000002 0,999664 0,352538
0,986935 -0,159071 0,025605 -0,057669 0,159018 0,987267 0,004125 6,301007 -0,025935 0,000001 0,999664 0,352537
0,999524 0,019262 0,024098 0,127594 -0,019256 0,999814 -0,000456 6,338316 -0,024102 -0,000008 0,999709 0,352397
0,957185 0,288660 0,021751 0,169114 -0,288585 0,957432 -0,006558 6,353754 -0,022718 -0,000000 0,999742 0,352295
0,896813 0,441912 0,020983 0,284180 -0,441791 0,897059 -0,010336 6,328433 -0,023390 -0,000001 0,999726 0,352346
0,848027 0,529544 0,020817 0,399628 -0,529384 0,848283 -0,012995 6,274293 -0,024540 -0,000000 0,999699 0,352434
0,745800 0,665930 0,017893 0,466052 -0,665738 0,746014 -0,015975 6,239363 -0,023987 0,000002 0,999712 0,352392
0,641707 0,766798 0,015259 0,499241 -0,766581 0,641889 -0,018227 6,218646 -0,023771 -0,000001 0,999717 0,352373
0,573557 0,819042 0,014227 0,625061 -0,818790 0,573733 -0,020315 6,075407 -0,024801 0,000003 0,999692 0,352454
0,502138 0,864690 0,012958 0,746651 -0,864402 0,502306 -0,022310 5,883404 -0,025801 0,000002 0,999667 0,352527
0,502809 0,864299 0,013044 0,880612 -0,864008 0,502979 -0,022438 5,653114 -0,025954 0,000012 0,999663 0,352534
0,502414 0,864529 0,013032 1,008317 -0,864239 0,502583 -0,022413 5,433826 -0,025926 -0,000002 0,999664 0,352537
0,662013 0,749327 0,015747 1,093776 -0,749114 0,662201 -0,017833 5,273426 -0,023790 0,000010 0,999717 0,352372
0,672390 0,739992 0,017437 1,275210 -0,739743 0,672616 -0,019195 5,072580 -0,025932 0,000007 0,999664 0,352532
0,672022 0,740326 0,017423 1,442106 -0,740078 0,672248 -0,019187 4,889256 -0,025918 -0,000001 0,999664 0,352536
0,752001 0,658891 0,018897 1,593294 -0,658683 0,752239 -0,016550 4,721983 -0,025119 -0,000001 0,999684 0,352478
0,752220 0,658622 0,019532 1,771486 -0,658401 0,752474 -0,017098 4,566316 -0,025958 0,000001 0,999663 0,352540
0,752043 0,658826 0,019497 1,953670 -0,658605 0,752296 -0,017066 4,407290 -0,025911 -0,000007 0,999664 0,352531
0,751673 0,659247 0,019518 2,135936 -0,659025 0,751926 -0,017114 4,247993 -0,025959 0,000002 0,999663 0,352539
0,627630 0,778352 0,015755 2,288258 -0,778107 0,627828 -0,019533 4,110332 -0,025095 0,000001 0,999685 0,352476
0,627874 0,778145 0,016297 2,441163 -0,777883 0,628085 -0,020186 3,921170 -0,025943 -0,000003 0,999663 0,352538
0,488915 0,872246 0,012197 2,586185 -0,871975 0,489067 -0,021747 3,740974 -0,024934 -0,000003 0,999689 0,352464
0,473981 0,880451 0,012173 2,706847 -0,880161 0,474137 -0,022609 3,528274 -0,025678 0,000002 0,999670 0,352519
0,390304 0,920631 0,010084 2,811448 -0,920324 0,390434 -0,023780 3,312084 -0,025829 0,000001 0,999666 0,352529
0,212120 0,977229 0,005294 2,865937 -0,976925 0,212186 -0,024386 3,181750 -0,024954 0,000001 0,999689 0,352463
0,212522 0,977141 0,005504 2,913068 -0,976813 0,212593 -0,025299 2,964596 -0,025890 0,000000 0,999665 0,352535
0,038217 0,999269 0,000959 2,947875 -0,998946 0,038229 -0,025418 2,760370 -0,025436 0,000013 0,999676 0,352496
0,010695 0,999943 0,000272 2,958449 -0,999613 0,010698 -0,025677 2,522111 -0,025678 0,000003 0,999670 0,352520
-0,152778 0,988253 -0,003920 2,947140 -0,987928 -0,152828 -0,025340 2,320698 -0,025641 0,000002 0,999671 0,352515
-0,325861 0,945385 -0,007927 2,917907 -0,945105 -0,325957 -0,022987 2,105407 -0,024315 0,000002 0,999704 0,352416
-0,343678 0,939045 -0,008924 2,831321 -0,938729 -0,343793 -0,024379 1,865453 -0,025961 -0,000001 0,999663 0,352540
-0,343472 0,939121 -0,008916 2,757739 -0,938804 -0,343587 -0,024377 1,665847 -0,025956 -0,000002 0,999663 0,352539
-0,342708 0,939400 -0,008890 2,668389 -0,939084 -0,342823 -0,024358 1,422811 -0,025930 0,000001 0,999664 0,352537
-0,342415 0,939507 -0,008893 2,632308 -0,939190 -0,342530 -0,024389 1,324881 -0,025960 0,000001 0,999663 0,352539
-0,342426 0,939503 -0,008885 2,590308 -0,939187 -0,342542 -0,024370 1,210722 -0,025939 -0,000001 0,999664 0,352538
-0,342486 0,939481 -0,008886 2,505488 -0,939165 -0,342601 -0,024369 0,979507 -0,025938 -0,000001 0,999664 0,352537
-0,342213 0,939581 -0,008863 2,420038 -0,939265 -0,342327 -0,024354 0,746620 -0,025917 -0,000009 0,999664 0,352532
-0,341853 0,939712 -0,008863 2,335507 -0,939395 -0,341968 -0,024390 0,515955 -0,025951 -0,000012 0,999663 0,352535
-0,341948 0,939677 -0,008862 2,267930 -0,939362 -0,342063 -0,024347 0,331552 -0,025910 -0,000001 0,999664 0,352535
-0,341923 0,939686 -0,008880 2,198449 -0,939369 -0,342038 -0,024392 0,142015 -0,025958 0,000002 0,999663 0,352540
-0,341479 0,939848 -0,008857 2,114682 -0,939532 -0,341593 -0,024367 -0,086778 -0,025927 0,000001 0,999664 0,352533
-0,341126 0,939976 -0,008846 2,036927 -0,939660 -0,341241 -0,024374 -0,299470 -0,025929 -0,000002 0,999664 0,352537
-0,279734 0,960052 -0,006946 1,993429 -0,959756 -0,279821 -0,023836 -0,404905 -0,024827 -0,000001 0,999692 0,352453
-0,076734 0,997050 -0,001714 1,978200 -0,996801 -0,076753 -0,022284 -0,399883 -0,022350 -0,000001 0,999750 0,352266
0,068899 0,997622 0,001508 1,967066 -0,997384 0,068916 -0,021831 -0,396169 -0,021883 -0,000000 0,999761 0,352229
0,096668 0,995314 0,002499 1,991472 -0,994979 0,096700 -0,025802 -0,669306 -0,025923 0,000008 0,999664 0,352532
0,096385 0,995341 0,002500 2,017107 -0,995007 0,096417 -0,025790 -0,934084 -0,025910 -0,000002 0,999664 0,352536
0,096046 0,995374 0,002491 2,045162 -0,995039 0,096079 -0,025822 -1,224907 -0,025942 0,000001 0,999663 0,352538
0,096270 0,995352 0,002495 2,063170 -0,995018 0,096303 -0,025802 -1,411268 -0,025922 0,000002 0,999664 0,352536
0,096285 0,995351 0,002498 2,090569 -0,995016 0,096318 -0,025794 -1,694732 -0,025914 -0,000002 0,999664 0,352536
0,096626 0,995318 0,002508 2,116368 -0,994982 0,096658 -0,025830 -1,961931 -0,025952 0,000001 0,999663 0,352540
0,097164 0,995265 0,002505 2,136761 -0,994931 0,097196 -0,025795 -2,171611 -0,025916 0,000014 0,999664 0,352532
-0,065644 0,997842 -0,001535 2,155414 -0,997569 -0,065662 -0,023316 -2,235211 -0,023366 0,000000 0,999727 0,352343
-0,094581 0,995514 -0,002455 2,127615 -0,995179 -0,094613 -0,025838 -2,548847 -0,025954 -0,000001 0,999663 0,352538
-0,094539 0,995518 -0,002451 2,105350 -0,995183 -0,094570 -0,025811 -2,781459 -0,025927 -0,000001 0,999664 0,352533
-0,094045 0,995565 -0,002440 2,089733 -0,995230 -0,094077 -0,025816 -2,944788 -0,025931 0,000001 0,999664 0,352538
-0,093787 0,995589 -0,002430 2,067512 -0,995255 -0,093819 -0,025803 -3,178681 -0,025917 -0,000002 0,999664 0,352536
-0,093920 0,995577 -0,002441 2,043213 -0,995241 -0,093952 -0,025850 -3,434499 -0,025965 0,000001 0,999663 0,352539
-0,086660 0,996235 -0,002245 2,019138 -0,995901 -0,086689 -0,025813 -3,683526 -0,025910 -0,000001 0,999664 0,352537
0,094172 0,995554 0,002202 2,003484 -0,995282 0,094197 -0,023257 -3,740941 -0,023361 -0,000002 0,999727 0,352342
-0,099345 0,995050 -0,002481 2,018266 -0,994739 -0,099376 -0,024872 -3,741558 -0,024996 -0,000003 0,999688 0,352469
-0,365687 0,930702 -0,008142 2,038793 -0,930472 -0,365778 -0,020715 -3,745195 -0,022258 0,000001 0,999752 0,352259
-0,534490 0,845092 -0,011780 2,050729 -0,844887 -0,534620 -0,018620 -3,752773 -0,022033 0,000001 0,999757 0,352242
-0,694435 0,719378 -0,015966 2,023694 -0,719188 -0,694619 -0,016532 -3,815626 -0,022983 0,000002 0,999736 0,352312
-0,694065 0,719689 -0,017897 1,882035 -0,719451 -0,694296 -0,018534 -3,961505 -0,025765 0,000013 0,999668 0,352521
-0,693803 0,719939 -0,018012 1,696750 -0,719696 -0,694037 -0,018688 -4,152724 -0,025955 -0,000002 0,999663 0,352539
-0,670092 0,742082 -0,017074 1,532497 -0,741841 -0,670310 -0,018905 -4,319451 -0,025474 -0,000001 0,999676 0,352504
-0,528958 0,848550 -0,012881 1,464494 -0,848299 -0,529114 -0,020658 -4,388768 -0,024345 -0,000000 0,999704 0,352416
-0,529077 0,848463 -0,013718 1,364306 -0,848178 -0,529255 -0,021991 -4,548531 -0,025919 -0,000000 0,999664 0,352536
-0,379205 0,925268 -0,009100 1,245858 -0,925002 -0,379314 -0,022203 -4,726116 -0,023996 -0,000002 0,999712 0,352392
-0,366883 0,930219 -0,009476 1,165469 -0,929909 -0,367005 -0,024023 -4,925900 -0,025824 -0,000002 0,999667 0,352529
-0,218174 0,975896 -0,005246 1,080686 -0,975614 -0,218237 -0,023454 -5,121460 -0,024033 0,000001 0,999711 0,352395
-0,171805 0,985121 -0,004441 1,039012 -0,984792 -0,171862 -0,025462 -5,333363 -0,025846 -0,000001 0,999666 0,352530
0,019681 0,999806 0,000462 1,003258 -0,999524 0,019687 -0,023772 -5,498868 -0,023776 0,000006 0,999717 0,352373
0,023585 0,999722 0,000609 1,006542 -0,999391 0,023593 -0,025701 -5,653162 -0,025708 -0,000002 0,999669 0,352521
0,382912 0,923745 0,008567 0,993396 -0,923514 0,383008 -0,020665 -5,791085 -0,022371 0,000002 0,999750 0,352268
0,490203 0,871520 0,012397 1,055789 -0,871241 0,490360 -0,022033 -5,923438 -0,025281 -0,000000 0,999680 0,352487
0,696810 0,717078 0,015940 1,122984 -0,716891 0,696993 -0,016398 -6,065610 -0,022869 -0,000001 0,999738 0,352306
0,877491 0,479139 0,020878 1,174167 -0,479003 0,877739 -0,011395 -6,122233 -0,023785 -0,000002 0,999717 0,352375
0,951442 0,307023 0,022263 1,234844 -0,306939 0,951702 -0,007181 -6,163920 -0,023393 -0,000002 0,999726 0,352345
0,986801 0,160310 0,022908 1,332869 -0,160267 0,987067 -0,003719 -6,204567 -0,023208 -0,000002 0,999731 0,352332
0,998450 0,050616 0,023149 1,382605 -0,050602 0,998718 -0,001178 -6,218307 -0,023179 0,000004 0,999731 0,352327
0,996845 -0,075734 0,023745 1,432470 0,075713 0,997128 0,001804 -6,223535 -0,023814 -0,000001 0,999716 0,352376
0,968429 -0,248217 0,023099 1,613698 0,248146 0,968704 0,005920 -6,215327 -0,023846 -0,000001 0,999716 0,352380
0,965295 -0,259958 0,025027 1,823442 0,259871 0,965620 0,006739 -6,159319 -0,025919 -0,000002 0,999664 0,352536
0,915059 -0,402658 0,023111 1,989551 0,402530 0,915350 0,010170 -6,109564 -0,025250 -0,000003 0,999681 0,352486
0,825097 -0,564658 0,019406 2,112641 0,564501 0,825325 0,013279 -6,063997 -0,023515 -0,000002 0,999723 0,352355
0,745212 -0,666602 0,017321 2,189966 0,666423 0,745413 0,015485 -6,020987 -0,023233 0,000003 0,999730 0,352333
0,619867 -0,784580 0,014085 2,230629 0,784378 0,620027 0,017824 -5,997256 -0,022717 -0,000001 0,999742 0,352294
0,545654 -0,837891 0,014130 2,415349 0,837610 0,545837 0,021695 -5,726881 -0,025890 -0,000003 0,999665 0,352536
0,387563 -0,921792 0,009728 2,508265 0,921501 0,387685 0,023137 -5,574096 -0,025099 -0,000002 0,999685 0,352476
0,293417 -0,955957 0,007215 2,593332 0,955668 0,293506 0,023505 -5,384151 -0,024587 -0,000002 0,999698 0,352437
0,189271 -0,981913 0,004877 2,641113 0,981587 0,189334 0,025299 -5,191885 -0,025765 -0,000001 0,999668 0,352524
0,189699 -0,981830 0,004925 2,688330 0,981500 0,189763 0,025433 -4,947260 -0,025905 0,000009 0,999664 0,352530
0,189851 -0,981801 0,004929 2,735670 0,981470 0,189915 0,025478 -4,702744 -0,025950 0,000001 0,999663 0,352539
0,189501 -0,981868 0,004916 2,785258 0,981538 0,189565 0,025455 -4,446454 -0,025926 0,000002 0,999664 0,352537
0,171670 -0,985145 0,004407 2,836204 0,984820 0,171726 0,025287 -4,188574 -0,025668 -0,000001 0,999671 0,352519
0,008764 -0,999962 0,000223 2,858892 0,999634 0,008766 0,025591 -3,984641 -0,025592 -0,000002 0,999672 0,352511
0,008355 -0,999965 0,000216 2,861228 0,999629 0,008358 0,025926 -3,735507 -0,025927 -0,000000 0,999664 0,352538
0,008005 -0,999968 0,000207 2,863475 0,999632 0,008008 0,025926 -3,480406 -0,025927 -0,000001 0,999664 0,352537
0,008551 -0,999963 0,000221 2,865675 0,999626 0,008553 0,025958 -3,231107 -0,025959 -0,000001 0,999663 0,352539
0,008318 -0,999965 0,000216 2,867943 0,999629 0,008321 0,025918 -2,982921 -0,025919 0,000001 0,999664 0,352536
0,008121 -0,999967 0,000209 2,870102 0,999631 0,008124 0,025932 -2,738399 -0,025933 -0,000002 0,999664 0,352538
0,008237 -0,999966 0,000213 2,872249 0,999630 0,008240 0,025932 -2,495481 -0,025932 -0,000001 0,999664 0,352537
0,007987 -0,999968 0,000209 2,874481 0,999632 0,007989 0,025911 -2,246408 -0,025912 0,000002 0,999664 0,352535
0,007354 -0,999973 0,000189 2,876563 0,999636 0,007356 0,025952 -1,997263 -0,025953 -0,000002 0,999663 0,352538
0,007345 -0,999973 0,000189 2,878512 0,999637 0,007348 0,025924 -1,754674 -0,025925 -0,000002 0,999664 0,352537
0,004135 -0,999991 0,000108 2,880802 0,999655 0,004136 0,025954 -1,500184 -0,025955 0,000001 0,999663 0,352539
-0,183780 -0,982957 -0,004553 2,880879 0,982655 -0,183836 0,024341 -1,349369 -0,024763 -0,000001 0,999693 0,352449
-0,183661 -0,982978 -0,004753 2,838726 0,982649 -0,183723 0,025425 -1,122364 -0,025866 -0,000001 0,999665 0,352532
-0,183366 -0,983033 -0,004760 2,790048 0,982702 -0,183428 0,025510 -0,859870 -0,025950 0,000000 0,999663 0,352539
-0,183704 -0,982970 -0,004762 2,744643 0,982640 -0,183766 0,025480 -0,614958 -0,025921 0,000001 0,999664 0,352536
-0,183813 -0,982950 -0,004767 2,699144 0,982619 -0,183874 0,025484 -0,370009 -0,025926 -0,000000 0,999664 0,352537
-0,278940 -0,960284 -0,006877 2,660672 0,959992 -0,279025 0,023661 -0,136428 -0,024640 -0,000002 0,999696 0,352440
-0,366100 -0,930528 -0,009438 2,602843 0,930219 -0,366221 0,023974 0,035007 -0,025765 -0,000003 0,999668 0,352525
-0,433731 -0,900978 -0,010812 2,517890 0,900698 -0,433866 0,022449 0,262388 -0,024917 -0,000002 0,999690 0,352461
-0,584405 -0,811348 -0,013610 2,499280 0,811128 -0,584563 0,018889 0,321983 -0,023281 -0,000001 0,999729 0,352337
-0,703704 -0,710323 -0,015542 2,508508 0,710150 -0,703876 0,015684 0,330321 -0,022080 -0,000000 0,999756 0,352243
-0,830912 -0,556112 -0,018034 2,518135 0,555981 -0,831107 0,012080 0,342986 -0,021706 0,000011 0,999764 0,352212
-0,930943 -0,364606 -0,020192 2,525130 0,364520 -0,931162 0,007906 0,358860 -0,021684 -0,000000 0,999765 0,352213
-0,930671 -0,365062 -0,024096 2,251191 0,364939 -0,930983 0,009459 0,467108 -0,025886 0,000009 0,999665 0,352529
-0,930583 -0,365285 -0,024123 2,077496 0,365163 -0,930896 0,009464 0,536083 -0,025913 -0,000002 0,999664 0,352532
-0,930197 -0,366265 -0,024155 1,953402 0,366142 -0,930510 0,009507 0,585629 -0,025959 -0,000001 0,999663 0,352540
-0,930265 -0,366094 -0,024121 1,739538 0,365971 -0,930578 0,009491 0,670702 -0,025920 0,000001 0,999664 0,352537
-0,930373 -0,365817 -0,024162 1,564973 0,365694 -0,930687 0,009498 0,740211 -0,025962 0,000001 0,999663 0,352539
-0,985287 -0,169434 -0,022404 1,519224 0,169391 -0,985541 0,003852 0,774625 -0,022733 0,000000 0,999742 0,352294
-0,999515 0,022261 -0,021777 1,521136 -0,022256 -0,999752 -0,000486 0,789159 -0,021783 -0,000001 0,999763 0,352222
-0,950982 0,308561 -0,020581 1,517110 -0,308489 -0,951205 -0,006675 0,811026 -0,021636 0,000001 0,999766 0,352211
-0,871131 0,490687 -0,018874 1,510590 -0,490572 -0,871336 -0,010630 0,824797 -0,021662 -0,000002 0,999765 0,352213
-0,756849 0,653384 -0,016394 1,501904 -0,653231 -0,757026 -0,014151 0,837237 -0,021657 -0,000000 0,999765 0,352212
-0,621288 0,783467 -0,013410 1,491398 -0,783285 -0,621433 -0,016909 0,847019 -0,021582 -0,000001 0,999767 0,352206
-0,467324 0,884028 -0,010094 1,479398 -0,883822 -0,467433 -0,019093 0,854364 -0,021597 -0,000001 0,999767 0,352206
-0,298336 0,954439 -0,006441 1,466336 -0,954217 -0,298406 -0,020603 0,859489 -0,021586 -0,000001 0,999767 0,352207
-0,120287 0,992736 -0,002602 1,452590 -0,992504 -0,120315 -0,021476 0,862034 -0,021633 -0,000001 0,999766 0,352212
-0,417150 0,908779 -0,010298 1,474928 -0,908502 -0,417277 -0,022432 0,853847 -0,024683 -0,000002 0,999695 0,352446
-0,617409 0,786511 -0,014397 1,490236 -0,786297 -0,617577 -0,018336 0,844364 -0,023313 -0,000000 0,999728 0,352341
-0,888754 0,457974 -0,019384 1,511198 -0,457865 -0,888966 -0,009992 0,819195 -0,021808 -0,000005 0,999762 0,352226
-0,982989 -0,182401 -0,021495 1,517635 0,182357 -0,983224 0,003987 0,769892 -0,021861 -0,000001 0,999761 0,352230
-0,939073 0,342853 -0,024373 -0,181865 -0,342738 -0,939389 -0,008903 0,648356 -0,025948 -0,000007 0,999663 0,352534
-0,939777 0,340915 -0,024396 -0,279617 -0,340801 -0,940094 -0,008845 0,613554 -0,025950 0,000002 0,999663 0,352538
-0,939478 0,341741 -0,024388 -0,376473 -0,341626 -0,939794 -0,008867 0,579236 -0,025950 0,000001 0,999663 0,352539
-0,939208 0,342481 -0,024382 -0,553839 -0,342366 -0,939525 -0,008890 0,515521 -0,025952 -0,000002 0,999663 0,352539
-0,939190 0,342534 -0,024348 -0,687806 -0,342419 -0,939506 -0,008880 0,467507 -0,025916 -0,000003 0,999664 0,352536
-0,939253 0,342360 -0,024369 -0,927714 -0,342245 -0,939569 -0,008878 0,380970 -0,025936 0,000002 0,999664 0,352537
-0,939204 0,342494 -0,024352 -1,095030 -0,342379 -0,939520 -0,008873 0,320835 -0,025918 0,000004 0,999664 0,352536
-0,915471 0,401744 -0,022660 -1,219051 -0,401621 -0,915752 -0,009942 0,281604 -0,024746 -0,000001 0,999694 0,352449
-0,838569 0,544470 -0,018833 -1,222108 -0,544332 -0,838781 -0,012226 0,287950 -0,022453 -0,000001 0,999748 0,352273
-0,740242 0,672146 -0,016152 -1,227375 -0,671986 -0,740419 -0,014663 0,292843 -0,021815 -0,000000 0,999762 0,352223
-0,628262 0,777883 -0,013610 -1,233648 -0,777700 -0,628410 -0,016845 0,296109 -0,021656 0,000002 0,999765 0,352213
-0,490664 0,871284 -0,010620 -1,242152 -0,871080 -0,490779 -0,018846 0,298071 -0,021633 0,000004 0,999766 0,352211
0,102000 0,994782 0,002199 -1,285557 -0,994551 0,102024 -0,021421 0,302176 -0,021534 -0,000002 0,999768 0,352204
0,238165 0,971211 0,005138 -1,293642 -0,970985 0,238221 -0,020940 0,294947 -0,021561 -0,000001 0,999768 0,352203
0,424511 0,905376 0,009195 -1,305611 -0,905164 0,424610 -0,019603 0,284512 -0,021652 -0,000001 0,999766 0,352210
0,232434 0,972595 0,005722 -1,266731 -0,972301 0,232504 -0,023938 0,237059 -0,024612 0,000000 0,999697 0,352439
0,028510 0,999593 0,000640 -1,248996 -0,999341 0,028517 -0,022437 0,234926 -0,022446 -0,000000 0,999748 0,352271
-0,177853 0,984049 -0,003907 -1,230867 -0,983812 -0,177896 -0,021617 0,228285 -0,021968 -0,000001 0,999759 0,352236
-0,356787 0,934153 -0,007825 -1,215036 -0,933928 -0,356873 -0,020486 0,218415 -0,021930 -0,000001 0,999759 0,352235
-0,524521 0,851320 -0,011476 -1,199961 -0,851116 -0,524647 -0,018623 0,206861 -0,021875 -0,000001 0,999761 0,352230
-0,967422 0,252294 -0,021056 -1,163814 -0,252234 -0,967651 -0,005490 0,155523 -0,021760 0,000000 0,999763 0,352221
-0,435278 0,900233 -0,010626 -1,867535 -0,899965 -0,435408 -0,021977 -0,368468 -0,024411 -0,000003 0,999702 0,352421
-0,279951 0,959991 -0,006687 -1,915530 -0,959717 -0,280031 -0,022941 -0,448621 -0,023896 -0,000005 0,999714 0,352378
-0,099472 0,995038 -0,002256 -1,949348 -0,994780 -0,099498 -0,022631 -0,518806 -0,022743 -0,000006 0,999741 0,352298
0,394122 0,919016 0,008822 -1,976093 -0,918785 0,394221 -0,020578 -0,553198 -0,022389 0,000005 0,999749 0,352269
0,399073 0,916864 0,010095 -1,929019 -0,916570 0,399201 -0,023185 -0,661773 -0,025287 -0,000001 0,999680 0,352488
0,391018 0,920327 0,010154 -1,888198 -0,920017 0,391150 -0,023906 -0,753573 -0,025974 0,000006 0,999663 0,352544
0,217356 0,976079 0,005098 -1,872981 -0,975810 0,217416 -0,022897 -0,757615 -0,023457 0,000002 0,999725 0,352349
0,217626 0,976016 0,005600 -1,834718 -0,975692 0,217698 -0,025148 -0,929169 -0,025764 0,000009 0,999668 0,352519
0,217934 0,975947 0,005648 -1,788997 -0,975619 0,218008 -0,025286 -1,133899 -0,025909 0,000000 0,999664 0,352536
0,218239 0,975879 0,005659 -1,743347 -0,975551 0,218313 -0,025309 -1,338165 -0,025934 0,000003 0,999664 0,352533
0,033172 0,999449 0,000776 -1,707495 -0,999177 0,033181 -0,023335 -1,440893 -0,023347 -0,000001 0,999727 0,352343
0,025488 0,999675 0,000649 -1,704006 -0,999349 0,025496 -0,025507 -1,557244 -0,025515 0,000002 0,999674 0,352505
0,026205 0,999656 0,000677 -1,698424 -0,999321 0,026213 -0,025894 -1,779680 -0,025903 0,000002 0,999664 0,352535
0,029324 0,999570 0,000761 -1,692679 -0,999234 0,029334 -0,025897 -2,011686 -0,025908 -0,000001 0,999664 0,352536
0,145182 0,989398 0,003721 -1,679574 -0,989074 0,145230 -0,025322 -2,204334 -0,025594 -0,000004 0,999672 0,352508
0,145270 0,989385 0,003771 -1,648470 -0,989052 0,145319 -0,025679 -2,416625 -0,025955 0,000001 0,999663 0,352539
0,225833 0,974150 0,005610 -1,621106 -0,973849 0,225903 -0,024203 -2,633309 -0,024845 0,000002 0,999691 0,352454
0,328136 0,944593 0,008365 -1,583691 -0,944287 0,328243 -0,024069 -2,770772 -0,025481 -0,000001 0,999675 0,352503
0,327453 0,944829 0,008481 -1,545161 -0,944513 0,327563 -0,024458 -2,881215 -0,025887 -0,000002 0,999665 0,352534
0,458310 0,888725 0,010931 -1,513826 -0,888472 0,458441 -0,021187 -2,996137 -0,023841 -0,000002 0,999716 0,352380
0,553508 0,832749 0,012573 -1,517165 -0,832535 0,553650 -0,018907 -3,006906 -0,022706 -0,000002 0,999742 0,352293
0,774148 0,632781 0,016816 -1,534091 -0,632632 0,774331 -0,013740 -3,021538 -0,021716 -0,000002 0,999764 0,352218
0,856374 0,516023 0,018552 -1,540235 -0,515902 0,856575 -0,011174 -3,029890 -0,021657 -0,000001 0,999765 0,352213
0,934512 0,355359 0,020183 -1,545958 -0,355276 0,934730 -0,007672 -3,041632 -0,021592 -0,000001 0,999767 0,352206
0,998991 -0,039414 0,021536 -1,550352 0,039405 0,999223 0,000850 -3,071435 -0,021553 -0,000001 0,999768 0,352207
0,619901 -0,784566 0,013344 -1,521039 0,784385 0,620045 0,016880 -3,127887 -0,021518 0,000003 0,999768 0,352202
0,423033 -0,906055 0,010346 -1,459062 0,905784 0,423159 0,022159 -3,041969 -0,024456 -0,000002 0,999701 0,352425
0,412521 -0,910886 0,010655 -1,348652 0,910582 0,412659 0,023525 -2,807243 -0,025826 -0,000003 0,999666 0,352531
0,248682 -0,968564 0,006340 -1,278114 0,968250 0,248763 0,024688 -2,624340 -0,025489 -0,000001 0,999675 0,352504
0,248847 -0,968521 0,006449 -1,212462 0,968196 0,248930 0,025094 -2,369057 -0,025909 -0,000000 0,999664 0,352535
0,179688 -0,983714 0,004417 -1,167518 0,983417 0,179742 0,024181 -2,278682 -0,024581 -0,000001 0,999698 0,352437
-0,513742 -0,857874 -0,011068 -1,105315 0,857675 -0,513861 0,018474 -2,268030 -0,021536 -0,000002 0,999768 0,352206
-0,747958 -0,663550 -0,016137 -1,091870 0,663396 -0,748132 0,014311 -2,256158 -0,021569 -0,000001 0,999767 0,352204
-0,668584 -0,743437 -0,017216 -1,144969 0,743191 -0,668806 0,019134 -2,235522 -0,025739 -0,000002 0,999669 0,352524
-0,493499 -0,869673 -0,011308 -1,166991 0,869445 -0,493629 0,019922 -2,252570 -0,022907 -0,000001 0,999738 0,352310
-0,259426 -0,965746 -0,005806 -1,208455 0,965504 -0,259490 0,021607 -2,220962 -0,022373 -0,000000 0,999750 0,352267
-0,157640 -0,987490 -0,003576 -1,223022 0,987236 -0,157680 0,022392 -2,179825 -0,022676 -0,000001 0,999743 0,352292
0,340691 -0,940145 0,007520 -1,256970 0,939916 0,340774 0,020749 -2,164922 -0,022070 -0,000001 0,999756 0,352246
0,437848 -0,898990 0,010307 -1,240713 0,898741 0,437969 0,021155 -2,110136 -0,023533 0,000000 0,999723 0,352354
0,267654 -0,963493 0,006515 -1,214544 0,963208 0,267733 0,023457 -2,068692 -0,024346 -0,000003 0,999704 0,352418
0,269305 -0,963030 0,006963 -1,181208 0,962708 0,269395 0,024899 -1,910121 -0,025855 -0,000002 0,999666 0,352531
0,268824 -0,963164 0,006974 -1,097828 0,962840 0,268914 0,024973 -1,660520 -0,025928 0,000002 0,999664 0,352538
0,269744 -0,962907 0,006995 -1,061504 0,962583 0,269834 0,024963 -1,475814 -0,025925 -0,000000 0,999664 0,352536
0,270449 -0,962709 0,007018 -1,000170 0,962385 0,270540 0,024980 -1,253790 -0,025947 -0,000002 0,999663 0,352538
0,391895 -0,919960 0,009560 -0,945879 0,919687 0,392011 0,022423 -1,035184 -0,024376 0,000004 0,999703 0,352418
0,453966 -0,890942 0,011754 -0,851187 0,890643 0,454118 0,023058 -0,832101 -0,025881 0,000001 0,999665 0,352533
0,479133 -0,877656 0,012312 -0,745995 0,877367 0,479291 0,022536 -0,619200 -0,025680 0,000004 0,999670 0,352520
0,793767 -0,607969 0,017563 -0,722621 0,607820 0,793961 0,013452 -0,527592 -0,022123 -0,000003 0,999755 0,352249
0,854916 -0,518426 0,018808 -0,727093 0,518301 0,855122 0,011402 -0,520324 -0,021994 0,000000 0,999758 0,352236
0,723662 -0,689943 0,017116 -0,713733 0,689750 0,723864 0,016312 -0,530317 -0,023644 0,000001 0,999720 0,352362
0,723456 -0,690125 0,018424 -0,637078 0,689901 0,723690 0,017567 -0,457056 -0,025456 0,000002 0,999676 0,352500
0,785090 -0,619071 0,019612 -0,476394 0,618878 0,785335 0,015458 -0,298607 -0,024971 0,000001 0,999688 0,352465
0,797384 -0,603117 0,020716 -0,281808 0,602914 0,797653 0,015654 -0,148741 -0,025965 0,000007 0,999663 0,352541
0,891290 -0,452890 0,022223 -0,159255 0,452749 0,891567 0,011288 -0,056983 -0,024925 0,000000 0,999689 0,352462
0,891137 -0,453148 0,023074 0,030461 0,452996 0,891436 0,011728 0,039550 -0,025883 0,000001 0,999665 0,352533
0,891133 -0,453153 0,023136 0,162412 0,453000 0,891433 0,011762 0,106797 -0,025955 -0,000001 0,999663 0,352538
0,913033 -0,407225 0,023208 0,325820 0,407093 0,913328 0,010346 0,193019 -0,025409 0,000002 0,999677 0,352499
0,970160 -0,241306 0,023665 0,402634 0,241235 0,970449 0,005882 0,231950 -0,024385 0,000002 0,999703 0,352419
0,970049 -0,241616 0,025037 0,576046 0,241536 0,970372 0,006224 0,275250 -0,025799 0,000010 0,999667 0,352522
0,969936 -0,242053 0,025186 0,817796 0,241972 0,970263 0,006285 0,335633 -0,025959 -0,000002 0,999663 0,352540
0,969997 -0,241812 0,025155 1,052727 0,241731 0,970323 0,006270 0,394373 -0,025924 -0,000002 0,999664 0,352536
0,970025 -0,241701 0,025147 1,318508 0,241620 0,970351 0,006263 0,460676 -0,025916 0,000001 0,999664 0,352536
0,962610 -0,269773 0,024597 1,570659 0,269684 0,962924 0,006905 0,521977 -0,025548 -0,000013 0,999674 0,352505
0,911068 -0,411602 0,023198 1,734371 0,411468 0,911364 0,010479 0,577204 -0,025455 -0,000002 0,999676 0,352502
0,878028 -0,478108 0,021921 1,948650 0,477959 0,878301 0,011935 0,669904 -0,024959 -0,000002 0,999689 0,352465
0,809264 -0,587099 0,020179 2,033478 0,586916 0,809515 0,014636 0,715878 -0,024928 -0,000001 0,999689 0,352460
0,809428 -0,586845 0,020969 2,194595 0,586648 0,809699 0,015205 0,832858 -0,025902 -0,000006 0,999664 0,352530
0,627403 -0,778559 0,014545 2,370853 0,778350 0,627571 0,018048 0,949228 -0,023179 -0,000002 0,999731 0,352330
0,583242 -0,812159 0,015065 2,497215 0,811888 0,583437 0,020974 1,116407 -0,025824 -0,000002 0,999667 0,352529
0,440965 -0,897455 0,011129 2,627567 0,897170 0,441105 0,022648 1,306625 -0,025235 -0,000003 0,999682 0,352484
0,330732 -0,943690 0,008034 2,726015 0,943412 0,330830 0,022906 1,494104 -0,024274 0,000004 0,999705 0,352412
0,257187 -0,966339 0,006587 2,772278 0,966022 0,257271 0,024748 1,640435 -0,025610 -0,000002 0,999672 0,352513
0,180107 -0,983637 0,004485 2,836637 0,983332 0,180163 0,024503 1,866552 -0,024910 -0,000003 0,999690 0,352461
0,073758 -0,997274 0,001887 2,859090 0,996948 0,073782 0,025526 2,029280 -0,025596 -0,000002 0,999672 0,352511
-0,051061 -0,998695 -0,001243 2,882002 0,998401 -0,051076 0,024205 2,257908 -0,024237 -0,000005 0,999706 0,352404
-0,109034 -0,994034 -0,002829 2,861305 0,993700 -0,109070 0,025771 2,497293 -0,025926 -0,000001 0,999664 0,352537
-0,188930 -0,981979 -0,004699 2,840929 0,981676 -0,188989 0,024398 2,720995 -0,024846 -0,000003 0,999691 0,352456
-0,297726 -0,954621 -0,007652 2,792333 0,954306 -0,297825 0,024523 2,914167 -0,025689 -0,000002 0,999670 0,352518
-0,297639 -0,954647 -0,007719 2,711132 0,954326 -0,297739 0,024754 3,175162 -0,025929 0,000002 0,999664 0,352537
-0,298027 -0,954526 -0,007741 2,633577 0,954204 -0,298128 0,024785 3,424338 -0,025966 0,000000 0,999663 0,352540
-0,297797 -0,954598 -0,007722 2,554217 0,954278 -0,297897 0,024742 3,679095 -0,025919 -0,000001 0,999664 0,352536
-0,297483 -0,954696 -0,007716 2,481965 0,954375 -0,297583 0,024756 3,911364 -0,025931 0,000001 0,999664 0,352537
-0,298029 -0,954526 -0,007728 2,406181 0,954204 -0,298129 0,024775 4,154899 -0,025952 0,000010 0,999663 0,352534
-0,297871 -0,954575 -0,007722 2,334082 0,954255 -0,297971 0,024733 4,386316 -0,025910 -0,000001 0,999664 0,352536
-0,297779 -0,954604 -0,007728 2,260149 0,954282 -0,297879 0,024768 4,623795 -0,025945 0,000000 0,999663 0,352539
-0,298142 -0,954490 -0,007731 2,180914 0,954169 -0,298242 0,024761 4,878214 -0,025940 0,000006 0,999664 0,352533
-0,297685 -0,954633 -0,007717 2,097871 0,954312 -0,297785 0,024735 5,144580 -0,025911 -0,000001 0,999664 0,352535
-0,297128 -0,954807 -0,007706 2,020136 0,954486 -0,297228 0,024759 5,394617 -0,025930 0,000001 0,999664 0,352537
-0,297397 -0,954723 -0,007718 1,944705 0,954401 -0,297498 0,024769 5,637417 -0,025944 0,000000 0,999663 0,352538
-0,296722 -0,954933 -0,007704 1,867348 0,954612 -0,296822 0,024738 5,886348 -0,025910 -0,000014 0,999664 0,352531
-0,451704 -0,892102 -0,010839 1,812631 0,891846 -0,451834 0,021363 6,085725 -0,023955 -0,000017 0,999713 0,352383
-0,654253 -0,756138 -0,014438 1,817933 0,755954 -0,654412 0,016681 6,115584 -0,022062 -0,000001 0,999757 0,352245
-0,987583 -0,155649 -0,021287 1,843404 0,155612 -0,987813 0,003355 6,162063 -0,021550 0,000001 0,999768 0,352206
-0,993771 0,109349 -0,021509 1,843465 -0,109324 -0,994003 -0,002368 6,182674 -0,021639 -0,000001 0,999766 0,352210
-0,993758 0,108739 -0,024903 1,737128 -0,108705 -0,994070 -0,002726 6,171290 -0,025052 -0,000002 0,999686 0,352470
-0,998811 0,041601 -0,025420 1,458407 -0,041588 -0,999134 -0,001057 6,139214 -0,025442 0,000001 0,999676 0,352502
-0,998801 0,041540 -0,025919 1,227424 -0,041526 -0,999137 -0,001078 6,129931 -0,025941 -0,000001 0,999663 0,352538
-0,998799 0,041581 -0,025907 1,034095 -0,041567 -0,999135 -0,001066 6,122235 -0,025929 0,000013 0,999664 0,352534
-0,998780 0,042040 -0,025911 0,846690 -0,042025 -0,999116 -0,001090 6,114716 -0,025934 0,000000 0,999664 0,352538
-0,998775 0,042150 -0,025915 0,673178 -0,042135 -0,999111 -0,001099 6,107716 -0,025939 -0,000006 0,999664 0,352536
-0,998785 0,041916 -0,025916 0,503778 -0,041902 -0,999121 -0,001088 6,100940 -0,025939 -0,000001 0,999664 0,352538
-0,998792 0,041728 -0,025942 0,386428 -0,041714 -0,999129 -0,001084 6,096331 -0,025965 -0,000001 0,999663 0,352539
-0,998797 0,041627 -0,025921 0,272365 -0,041613 -0,999133 -0,001079 6,091859 -0,025944 0,000001 0,999663 0,352538
-0,998785 0,041924 -0,025902 0,102580 -0,041910 -0,999121 -0,001086 6,085061 -0,025925 0,000001 0,999664 0,352537
-0,998775 0,042164 -0,025915 -0,140710 -0,042150 -0,999111 -0,001096 6,075156 -0,025938 -0,000002 0,999664 0,352538
-0,998801 0,041523 -0,025923 -0,401905 -0,041509 -0,999138 -0,001079 6,064519 -0,025945 -0,000002 0,999663 0,352538
-0,998797 0,041634 -0,025889 -0,652304 -0,041620 -0,999133 -0,001077 6,054430 -0,025912 0,000002 0,999664 0,352536
-0,998787 0,041874 -0,025916 -0,900266 -0,041860 -0,999123 -0,001087 6,044394 -0,025939 -0,000001 0,999664 0,352538
-0,998797 0,041630 -0,025913 -1,149102 -0,041616 -0,999133 -0,001082 6,034314 -0,025935 -0,000002 0,999664 0,352537
-0,998796 0,041668 -0,025903 -1,379193 -0,041654 -0,999132 -0,001080 6,025051 -0,025925 0,000001 0,999664 0,352537
-0,969331 0,244709 -0,022692 -1,485884 -0,244642 -0,969597 -0,005728 6,030885 -0,023404 -0,000001 0,999726 0,352345
-0,969417 0,244152 -0,024908 -1,635187 -0,244072 -0,969737 -0,006262 5,993546 -0,025683 0,000009 0,999670 0,352513
-0,969439 0,244041 -0,025128 -1,863063 -0,243959 -0,969765 -0,006325 5,936504 -0,025911 -0,000001 0,999664 0,352535
-0,967260 0,252549 -0,025044 -2,097978 -0,252464 -0,967584 -0,006541 5,878344 -0,025885 -0,000004 0,999665 0,352536
-0,901989 0,431188 -0,022206 -2,194978 -0,431057 -0,902262 -0,010613 5,855008 -0,024612 -0,000001 0,999697 0,352437
-0,902004 0,431104 -0,023188 -2,292430 -0,430962 -0,902302 -0,011080 5,808731 -0,025699 -0,000001 0,999670 0,352519
-0,902038 0,431023 -0,023373 -2,492389 -0,430878 -0,902341 -0,011165 5,713532 -0,025903 -0,000001 0,999664 0,352534
-0,753698 0,657004 -0,016893 -2,592085 -0,656838 -0,753887 -0,014725 5,686114 -0,022409 -0,000002 0,999749 0,352272
-0,251573 0,967822 -0,005648 -2,644735 -0,967578 -0,251637 -0,021731 5,669572 -0,022453 -0,000002 0,999748 0,352275
-0,250206 0,968171 -0,006447 -2,701452 -0,967850 -0,250289 -0,024946 5,451024 -0,025766 -0,000002 0,999668 0,352524
-0,245105 0,969476 -0,006356 -2,769406 -0,969150 -0,245187 -0,025132 5,190338 -0,025923 -0,000000 0,999664 0,352538
0,169189 0,985577 0,003707 -2,809331 -0,985340 0,169230 -0,021581 5,144576 -0,021897 -0,000001 0,999760 0,352232
0,291642 0,956499 0,007449 -2,764889 -0,956187 0,291737 -0,024418 4,960590 -0,025529 -0,000002 0,999674 0,352507
0,448128 0,893900 0,011131 -2,701497 -0,893625 0,448266 -0,022193 4,753544 -0,024828 -0,000002 0,999692 0,352456
0,447991 0,893962 0,011628 -2,587100 -0,893661 0,448142 -0,023202 4,525476 -0,025953 0,000003 0,999663 0,352539
0,612114 0,790628 0,014933 -2,523202 -0,790393 0,612297 -0,019281 4,393979 -0,024388 -0,000001 0,999703 0,352419
0,714308 0,699620 0,017223 -2,393879 -0,699417 0,714515 -0,016862 4,217098 -0,024103 -0,000001 0,999709 0,352400
0,795778 0,605261 0,019912 -2,222390 -0,605072 0,796027 -0,015138 4,057011 -0,025013 -0,000002 0,999687 0,352468
0,869139 0,494070 0,022183 -2,087591 -0,493909 0,869422 -0,012605 3,965000 -0,025514 -0,000001 0,999674 0,352506
0,942595 0,333171 0,022630 -1,918373 -0,333075 0,942866 -0,007995 3,862769 -0,024001 -0,000001 0,999712 0,352393
0,953083 0,301712 0,024536 -1,700996 -0,301612 0,953399 -0,007762 3,788176 -0,025734 -0,000002 0,999669 0,352524
0,973950 0,225359 0,025198 -1,485950 -0,225284 0,974276 -0,005826 3,729620 -0,025863 -0,000002 0,999665 0,352532
0,992560 0,119137 0,025136 -1,257739 -0,119098 0,992878 -0,003014 3,678944 -0,025316 -0,000002 0,999680 0,352492
0,995589 0,090303 0,025472 -1,017855 -0,090273 0,995914 -0,002308 3,648665 -0,025576 -0,000002 0,999673 0,352511
0,998342 -0,051502 0,025714 -0,807754 0,051485 0,998673 0,001327 3,643575 -0,025748 -0,000001 0,999668 0,352520
0,998377 -0,050733 0,025873 -0,565579 0,050716 0,998712 0,001316 3,656242 -0,025907 -0,000001 0,999664 0,352531
0,998388 -0,050503 0,025913 -0,293530 0,050486 0,998724 0,001308 3,670264 -0,025946 0,000002 0,999663 0,352538
0,998349 -0,051258 0,025904 -0,015210 0,051241 0,998685 0,001328 3,684663 -0,025938 0,000001 0,999664 0,352538
0,998356 -0,051136 0,025884 0,238866 0,051118 0,998692 0,001327 3,697943 -0,025918 -0,000002 0,999664 0,352536
0,998363 -0,050990 0,025902 0,523234 0,050973 0,998699 0,001321 3,712713 -0,025935 0,000001 0,999664 0,352537
0,998330 -0,051630 0,025902 0,771264 0,051612 0,998666 0,001338 3,725686 -0,025936 0,000001 0,999664 0,352537
0,998058 0,057200 0,024663 1,010056 -0,057182 0,998363 -0,001418 3,743590 -0,024704 0,000005 0,999695 0,352446
0,964368 0,263421 0,024569 1,192134 -0,263335 0,964681 -0,006710 3,717842 -0,025469 0,000001 0,999676 0,352503
0,964430 0,263152 0,025005 1,450042 -0,263064 0,964754 -0,006821 3,647679 -0,025919 0,000000 0,999664 0,352536
0,912855 0,407670 0,022386 1,654485 -0,407548 0,913129 -0,009993 3,597122 -0,024516 -0,000001 0,999699 0,352432
0,901301 0,432566 0,023294 1,864434 -0,432421 0,901602 -0,011178 3,500631 -0,025837 0,000002 0,999666 0,352530
0,814424 0,579897 0,020810 2,051345 -0,579708 0,814690 -0,014815 3,397488 -0,025545 0,000002 0,999674 0,352508
0,709783 0,704192 0,017929 2,218857 -0,703968 0,710009 -0,017783 3,273877 -0,025252 0,000001 0,999681 0,352488
0,706572 0,707404 0,018312 2,403819 -0,707166 0,706810 -0,018327 3,091146 -0,025908 -0,000000 0,999664 0,352537
0,568865 0,822304 0,014419 2,529598 -0,822040 0,569048 -0,020838 2,954257 -0,025340 0,000001 0,999679 0,352494
0,569142 0,822106 0,014772 2,684567 -0,821830 0,569334 -0,021330 2,730634 -0,025946 -0,000001 0,999663 0,352538
0,568553 0,822514 0,014750 2,825954 -0,822238 0,568745 -0,021329 2,526656 -0,025932 -0,000001 0,999664 0,352537
0,568730 0,822392 0,014766 2,905439 -0,822115 0,568922 -0,021344 2,411945 -0,025954 0,000000 0,999663 0,352539
0,416396 0,909132 0,009689 2,942936 -0,908886 0,416509 -0,021149 2,380265 -0,023263 -0,000000 0,999729 0,352337
0,402366 0,915421 0,010264 2,996128 -0,915124 0,402497 -0,023346 2,262508 -0,025503 0,000001 0,999675 0,352505
0,284876 0,958539 0,007005 3,096752 -0,958249 0,284962 -0,023565 2,047308 -0,024584 0,000000 0,999698 0,352437
0,236890 0,971517 0,006136 3,160751 -0,971191 0,236969 -0,025157 1,805696 -0,025894 0,000001 0,999665 0,352534
0,067964 0,997686 0,001636 3,215448 -0,997397 0,067984 -0,024017 1,610009 -0,024073 0,000001 0,999710 0,352398
-0,166649 0,986009 -0,003725 3,234368 -0,985763 -0,166691 -0,022030 1,588476 -0,022343 0,000001 0,999750 0,352264
-0,166476 0,986038 -0,003875 3,230344 -0,985771 -0,166521 -0,022937 1,564943 -0,023262 0,000002 0,999729 0,352333
-0,164859 0,986308 -0,004281 3,176462 -0,985975 -0,164915 -0,025613 1,288527 -0,025968 -0,000001 0,999663 0,352541
-0,164558 0,986358 -0,004255 3,129479 -0,986027 -0,164613 -0,025564 1,007473 -0,025915 -0,000011 0,999664 0,352532
-0,164603 0,986351 -0,004258 3,072585 -0,986019 -0,164658 -0,025561 0,666182 -0,025913 -0,000009 0,999664 0,352531
-0,165324 0,986230 -0,004295 3,028425 -0,985898 -0,165380 -0,025601 0,402165 -0,025958 0,000002 0,999663 0,352539
-0,164757 0,986325 -0,004273 2,975382 -0,985993 -0,164812 -0,025595 0,085370 -0,025949 -0,000004 0,999663 0,352535
-0,165156 0,986258 -0,004272 2,933413 -0,985927 -0,165211 -0,025554 -0,165815 -0,025909 -0,000009 0,999664 0,352531
-0,165350 0,986226 -0,004288 2,878227 -0,985894 -0,165405 -0,025559 -0,494583 -0,025916 0,000001 0,999664 0,352536
-0,164677 0,986338 -0,004276 2,837133 -0,986006 -0,164732 -0,025607 -0,740032 -0,025962 -0,000001 0,999663 0,352540
-0,164938 0,986295 -0,004280 2,793254 -0,985963 -0,164993 -0,025562 -1,002676 -0,025918 0,000004 0,999664 0,352531
-0,165150 0,986259 -0,004284 2,750825 -0,985928 -0,165206 -0,025562 -1,256029 -0,025919 0,000002 0,999664 0,352536
-0,164722 0,986331 -0,004275 2,703679 -0,985999 -0,164777 -0,025592 -1,537829 -0,025946 -0,000000 0,999663 0,352538
-0,165016 0,986282 -0,004277 2,663646 -0,985950 -0,165071 -0,025564 -1,777353 -0,025919 -0,000002 0,999664 0,352537
-0,164856 0,986308 -0,004274 2,617406 -0,985977 -0,164911 -0,025563 -2,053576 -0,025918 0,000000 0,999664 0,352537
-0,164187 0,986420 -0,004262 2,604961 -0,986088 -0,164243 -0,025604 -2,127928 -0,025956 -0,000001 0,999663 0,352539
